9000006:new = chi2 void 1 0 0 23 1.e-5 0. 0. 0. 
9000006:addChannel = 1 0.31804648526354357 0  11 -11
9000006:addChannel = 1 0.28755022666906355 0  13 -13
9000006:addChannel = 1 0.0 0  15 -15
9000006:addChannel = 1 0.020151607340312818 91  1 -1
9000006:addChannel = 1 0.0806076893233123 91  2 -2
9000006:addChannel = 1 0.8795031709118213 91  3 -3
9000006:addChannel = 1 0.0 91  4 -4
9000006:addChannel = 1 0.0 91  5 -5
9000007:new = chi2 void 1 0 0 23 1.e-5 0. 0. 0. 
9000007:addChannel = 1 0.31804648526354357 0  11 -11
9000007:addChannel = 1 0.28755022666906355 0  13 -13
9000007:addChannel = 1 0.0 0  15 -15
9000007:addChannel = 1 0.020151607340312818 91  1 -1
9000007:addChannel = 1 0.0806076893233123 91  2 -2
9000007:addChannel = 1 0.8795031709118213 91  3 -3
9000007:addChannel = 1 0.0 91  4 -4
9000007:addChannel = 1 0.0 91  5 -5
