9000006:new = chi2 void 1 0 0 6 1.e-5 0. 0. 0. 
9000006:addChannel = 1 0.8643568260801351 0  11 -11
9000006:addChannel = 1 0.135643173919865 0  13 -13
9000006:addChannel = 1 0.0 0  15 -15
9000006:addChannel = 1 0.0 91  1 -1
9000006:addChannel = 1 0.0 91  2 -2
9000006:addChannel = 1 0.6393520135367912 91  3 -3
9000006:addChannel = 1 0.0 91  4 -4
9000007:new = chi2 void 1 0 0 6 1.e-5 0. 0. 0. 
9000007:addChannel = 1 0.8643568260801351 0  11 -11
9000007:addChannel = 1 0.135643173919865 0  13 -13
9000007:addChannel = 1 0.0 0  15 -15
9000007:addChannel = 1 0.0 91  1 -1
9000007:addChannel = 1 0.0 91  2 -2
9000007:addChannel = 1 0.6393520135367912 91  3 -3
9000007:addChannel = 1 0.0 91  4 -4
