9000006:new = chi2 void 1 0 0 20 1.e-5 0. 0. 0. 
9000006:addChannel = 1 0.36527161937567393 0  11 -11
9000006:addChannel = 1 0.3196321231969126 0  13 -13
9000006:addChannel = 1 0.0 0  15 -15
9000006:addChannel = 1 0.008965539003338654 91  1 -1
9000006:addChannel = 1 0.03585979816408361 91  2 -2
9000006:addChannel = 1 0.9838420112449666 91  3 -3
9000006:addChannel = 1 0.0 91  4 -4
9000006:addChannel = 1 0.0 91  5 -5
9000007:new = chi2 void 1 0 0 20 1.e-5 0. 0. 0. 
9000007:addChannel = 1 0.36527161937567393 0  11 -11
9000007:addChannel = 1 0.3196321231969126 0  13 -13
9000007:addChannel = 1 0.0 0  15 -15
9000007:addChannel = 1 0.008965539003338654 91  1 -1
9000007:addChannel = 1 0.03585979816408361 91  2 -2
9000007:addChannel = 1 0.9838420112449666 91  3 -3
9000007:addChannel = 1 0.0 91  4 -4
9000007:addChannel = 1 0.0 91  5 -5
