9000005:new = chi2 void 1 0 0 3 1.e-5 0. 0. 0. 
9000005:addChannel = 1 0.8640561975343608 0  11 -11
9000005:addChannel = 1 0.1359438024656392 0  13 -13
9000005:addChannel = 1 0.0 0  211 -211
9000005:addChannel = 1 0.0 0  211 -211 211 -211
9000005:addChannel = 1 0.0 0  211 -211 111 111
9000005:addChannel = 1 0.0 0  211 -211 111
9000005:addChannel = 1 0.0 0  111 22
9000005:addChannel = 1 0.0 0 321 -321
9000005:addChannel = 1 0.0 0 130 310
9000005:addChannel = 1 0.0 0 321 -321 111
9000005:addChannel = 1 0.0 0 130 321 -211
9000005:addChannel = 1 0.0 0 130 -321 211
