9000006:new = chi2 void 1 0 0 100 1.e-5 0. 0. 0. 
9000006:addChannel = 1 0.10089103989842353 0  11 -11
9000006:addChannel = 1 0.10075634450590669 0  13 -13
9000006:addChannel = 1 0.06867247453521115 0  15 -15
9000006:addChannel = 1 0.03311116210305796 91  1 -1
9000006:addChannel = 1 0.13244468032893103 91  2 -2
9000006:addChannel = 1 0.30234638773041456 91  3 -3
9000006:addChannel = 1 0.2491107832507571 91  4 -4
9000006:addChannel = 1 0.012667127647297959 91  5 -5
9000007:new = chi2 void 1 0 0 100 1.e-5 0. 0. 0. 
9000007:addChannel = 1 0.10089103989842353 0  11 -11
9000007:addChannel = 1 0.10075634450590669 0  13 -13
9000007:addChannel = 1 0.06867247453521115 0  15 -15
9000007:addChannel = 1 0.03311116210305796 91  1 -1
9000007:addChannel = 1 0.13244468032893103 91  2 -2
9000007:addChannel = 1 0.30234638773041456 91  3 -3
9000007:addChannel = 1 0.2491107832507571 91  4 -4
9000007:addChannel = 1 0.012667127647297959 91  5 -5
