9000006:new = chi2 void 1 0 0 6 1.e-5 0. 0. 0. 
9000006:addChannel = 1 0.5927194534861939 0  11 -11
9000006:addChannel = 1 0.4063537987165289 0  13 -13
9000006:addChannel = 1 0.0 0  15 -15
9000006:addChannel = 1 0.0 91  1 -1
9000006:addChannel = 1 0.0 91  2 -2
9000006:addChannel = 1 1.3134310903175561 91  3 -3
9000006:addChannel = 1 0.0 91  4 -4
9000007:new = chi2 void 1 0 0 6 1.e-5 0. 0. 0. 
9000007:addChannel = 1 0.5927194534861939 0  11 -11
9000007:addChannel = 1 0.4063537987165289 0  13 -13
9000007:addChannel = 1 0.0 0  15 -15
9000007:addChannel = 1 0.0 91  1 -1
9000007:addChannel = 1 0.0 91  2 -2
9000007:addChannel = 1 1.3134310903175561 91  3 -3
9000007:addChannel = 1 0.0 91  4 -4
