9000005:new = chi2 void 1 0 0 30 1.e-5 0. 0. 0. 
9000005:addChannel = 1 0.28129665602043313 0  11 -11
9000005:addChannel = 1 0.2651223243197864 0  13 -13
9000005:addChannel = 1 0.2779683084299662 0  211 -211
9000005:addChannel = 1 0.03281970669696778 0  211 -211 211 -211
9000005:addChannel = 1 0.04169936378704188 0  211 -211 111 111
9000005:addChannel = 1 0.04150747094759276 0  211 -211 111
9000005:addChannel = 1 0.027545545017224397 0 321 -321
9000005:addChannel = 1 0.027545545017224397 0 130 310
9000005:addChannel = 1 0.0011741322525659931 0 321 -321 111
9000005:addChannel = 1 0.0016604737555984998 0 130 321 -211
9000005:addChannel = 1 0.0016604737555984998 0 130 -321 211
