9000006:new = chi2 void 1 0 0 10 1.e-5 0. 0. 0. 
9000006:addChannel = 1 0.3650086024844094 0  11 -11
9000006:addChannel = 1 0.3194731557701555 0  13 -13
9000006:addChannel = 1 0.0 0  15 -15
9000006:addChannel = 1 0.008981681182917924 91  1 -1
9000006:addChannel = 1 0.03592436439317897 91  2 -2
9000006:addChannel = 1 0.9833126809292511 91  3 -3
9000006:addChannel = 1 0.0 91  4 -4
9000006:addChannel = 1 0.0 91  5 -5
9000007:new = chi2 void 1 0 0 10 1.e-5 0. 0. 0. 
9000007:addChannel = 1 0.3650086024844094 0  11 -11
9000007:addChannel = 1 0.3194731557701555 0  13 -13
9000007:addChannel = 1 0.0 0  15 -15
9000007:addChannel = 1 0.008981681182917924 91  1 -1
9000007:addChannel = 1 0.03592436439317897 91  2 -2
9000007:addChannel = 1 0.9833126809292511 91  3 -3
9000007:addChannel = 1 0.0 91  4 -4
9000007:addChannel = 1 0.0 91  5 -5
