9000006:new = chi2 void 1 0 0 23 1.e-5 0. 0. 0. 
9000006:addChannel = 1 0.1630958505265893 0  11 -11
9000006:addChannel = 1 0.15904138195370193 0  13 -13
9000006:addChannel = 1 0.0 0  15 -15
9000006:addChannel = 1 0.03968695171259127 91  1 -1
9000006:addChannel = 1 0.15874830491455225 91  2 -2
9000006:addChannel = 1 0.4794275108925653 91  3 -3
9000006:addChannel = 1 0.0 91  4 -4
9000006:addChannel = 1 0.0 91  5 -5
9000007:new = chi2 void 1 0 0 23 1.e-5 0. 0. 0. 
9000007:addChannel = 1 0.1630958505265893 0  11 -11
9000007:addChannel = 1 0.15904138195370193 0  13 -13
9000007:addChannel = 1 0.0 0  15 -15
9000007:addChannel = 1 0.03968695171259127 91  1 -1
9000007:addChannel = 1 0.15874830491455225 91  2 -2
9000007:addChannel = 1 0.4794275108925653 91  3 -3
9000007:addChannel = 1 0.0 91  4 -4
9000007:addChannel = 1 0.0 91  5 -5
