9000005:new = chi2 void 1 0 0 20 1.e-5 0. 0. 0. 
9000005:addChannel = 1 0.29107944299014465 0  11 -11
9000005:addChannel = 1 0.2815527387315458 0  13 -13
9000005:addChannel = 1 0.201139089617002 0  211 -211
9000005:addChannel = 1 0.05935513280478694 0  211 -211 211 -211
9000005:addChannel = 1 0.07720481998076864 0  211 -211 111 111
9000005:addChannel = 1 0.0337625809443352 0  211 -211 111
9000005:addChannel = 1 0.02414072208291978 0 321 -321
9000005:addChannel = 1 0.02414072208291978 0 130 310
9000005:addChannel = 1 0.0019916144456015097 0 321 -321 111
9000005:addChannel = 1 0.0028165681599878283 0 130 321 -211
9000005:addChannel = 1 0.0028165681599878283 0 130 -321 211
