9000005:new = chi2 void 1 0 0 40 1.e-5 0. 0. 0. 
9000005:addChannel = 1 0.2905465780248589 0  11 -11
9000005:addChannel = 1 0.28102151153287563 0  13 -13
9000005:addChannel = 1 0.20091303279589526 0  211 -211
9000005:addChannel = 1 0.059197443718776985 0  211 -211 211 -211
9000005:addChannel = 1 0.07699805775537558 0  211 -211 111 111
9000005:addChannel = 1 0.03371407824795075 0  211 -211 111
9000005:addChannel = 1 0.0018017798355744311 0  111 22
9000005:addChannel = 1 0.02410117039433148 0 321 -321
9000005:addChannel = 1 0.02410117039433148 0 130 310
9000005:addChannel = 1 0.00198650178055402 0 321 -321 111
9000005:addChannel = 1 0.0028093377597377973 0 130 321 -211
9000005:addChannel = 1 0.0028093377597377973 0 130 -321 211
