9000006:new = chi2 void 1 0 0 40 1.e-5 0. 0. 0. 
9000006:addChannel = 1 0.13847518258934854 0  11 -11
9000006:addChannel = 1 0.13732543668555544 0  13 -13
9000006:addChannel = 1 0.0023402113685293702 0  15 -15
9000006:addChannel = 1 0.04180271829293953 91  1 -1
9000006:addChannel = 1 0.1672107116915127 91  2 -2
9000006:addChannel = 1 0.41263425946853693 91  3 -3
9000006:addChannel = 1 0.10021147990357751 91  4 -4
9000006:addChannel = 1 0.0 91  5 -5
9000007:new = chi2 void 1 0 0 40 1.e-5 0. 0. 0. 
9000007:addChannel = 1 0.13847518258934854 0  11 -11
9000007:addChannel = 1 0.13732543668555544 0  13 -13
9000007:addChannel = 1 0.0023402113685293702 0  15 -15
9000007:addChannel = 1 0.04180271829293953 91  1 -1
9000007:addChannel = 1 0.1672107116915127 91  2 -2
9000007:addChannel = 1 0.41263425946853693 91  3 -3
9000007:addChannel = 1 0.10021147990357751 91  4 -4
9000007:addChannel = 1 0.0 91  5 -5
