9000006:new = chi2 void 1 0 0 60 1.e-5 0. 0. 0. 
9000006:addChannel = 1 0.15519044643886526 0  11 -11
9000006:addChannel = 1 0.15290520004953947 0  13 -13
9000006:addChannel = 1 0.0 0  15 -15
9000006:addChannel = 1 0.043219839513018825 91  1 -1
9000006:addChannel = 1 0.172879444986306 91  2 -2
9000006:addChannel = 1 0.4600194883290441 91  3 -3
9000006:addChannel = 1 0.015785580683226337 91  4 -4
9000006:addChannel = 1 0.0 91  5 -5
9000007:new = chi2 void 1 0 0 60 1.e-5 0. 0. 0. 
9000007:addChannel = 1 0.15519044643886526 0  11 -11
9000007:addChannel = 1 0.15290520004953947 0  13 -13
9000007:addChannel = 1 0.0 0  15 -15
9000007:addChannel = 1 0.043219839513018825 91  1 -1
9000007:addChannel = 1 0.172879444986306 91  2 -2
9000007:addChannel = 1 0.4600194883290441 91  3 -3
9000007:addChannel = 1 0.015785580683226337 91  4 -4
9000007:addChannel = 1 0.0 91  5 -5
