9000005:new = chi2 void 1 0 0 33 1.e-5 0. 0. 0. 
9000005:addChannel = 1 0.28136372142316757 0  11 -11
9000005:addChannel = 1 0.26792318012195965 0  13 -13
9000005:addChannel = 1 0.25146832716204304 0  211 -211
9000005:addChannel = 1 0.0428169856495079 0  211 -211 211 -211
9000005:addChannel = 1 0.05463021412794327 0  211 -211 111 111
9000005:addChannel = 1 0.03949808751133526 0  211 -211 111
9000005:addChannel = 1 0.0022618994289202205 0  111 22
9000005:addChannel = 1 0.027020503608307128 0 321 -321
9000005:addChannel = 1 0.027020503608307128 0 130 310
9000005:addChannel = 1 0.0015663292425623194 0 321 -321 111
9000005:addChannel = 1 0.0022151240579732097 0 130 321 -211
9000005:addChannel = 1 0.0022151240579732097 0 130 -321 211
