9000006:new = chi2 void 1 0 0 100 1.e-5 0. 0. 0. 
9000006:addChannel = 1 0.12510453294753823 0  11 -11
9000006:addChannel = 1 0.12443728557432389 0  13 -13
9000006:addChannel = 1 0.01873650253706283 0  15 -15
9000006:addChannel = 1 0.03915463025353046 91  1 -1
9000006:addChannel = 1 0.15661848864208405 91  2 -2
9000006:addChannel = 1 0.3736942300975284 91  3 -3
9000006:addChannel = 1 0.16225432994793218 91  4 -4
9000006:addChannel = 1 0.0 91  5 -5
9000007:new = chi2 void 1 0 0 100 1.e-5 0. 0. 0. 
9000007:addChannel = 1 0.12510453294753823 0  11 -11
9000007:addChannel = 1 0.12443728557432389 0  13 -13
9000007:addChannel = 1 0.01873650253706283 0  15 -15
9000007:addChannel = 1 0.03915463025353046 91  1 -1
9000007:addChannel = 1 0.15661848864208405 91  2 -2
9000007:addChannel = 1 0.3736942300975284 91  3 -3
9000007:addChannel = 1 0.16225432994793218 91  4 -4
9000007:addChannel = 1 0.0 91  5 -5
