9000006:new = BmL void 1 0 0 1.6600000000000001 1.e-5 0. 0. 0. 
9000006:addChannel = 1 0.22449166684553368 0  11 -11
9000006:addChannel = 1 0.22446943770163857 0  13 -13
9000006:addChannel = 1 0.11224583342277286 0  12 -12
9000006:addChannel = 1 0.11224583342277286 0  14 -14
9000006:addChannel = 1 0.11224583342277286 0  16 -16
9000006:addChannel = 1 0.12478765978384952 0  211 -211 111
9000006:addChannel = 1 0.00010094941274710497 0  111 22
9000006:addChannel = 1 0.014576243928281237 0 321 -321
9000006:addChannel = 1 0.014576243928281237 0 130 310
9000006:addChannel = 1 0.015740223378378902 0 321 -321 111
9000006:addChannel = 1 0.022260037376485502 0 130 321 -111
9000006:addChannel = 1 0.022260037376485502 0 130 -321 111
9000007:new = BmL void 1 0 0 1.6600000000000001 1.e-5 0. 0. 0. 
9000007:addChannel = 1 0.22449166684553368 0  11 -11
9000007:addChannel = 1 0.22446943770163857 0  13 -13
9000007:addChannel = 1 0.11224583342277286 0  12 -12
9000007:addChannel = 1 0.11224583342277286 0  14 -14
9000007:addChannel = 1 0.11224583342277286 0  16 -16
9000007:addChannel = 1 0.12478765978384952 0  211 -211 111
9000007:addChannel = 1 0.00010094941274710497 0  111 22
9000007:addChannel = 1 0.014576243928281237 0 321 -321
9000007:addChannel = 1 0.014576243928281237 0 130 310
9000007:addChannel = 1 0.015740223378378902 0 321 -321 111
9000007:addChannel = 1 0.022260037376485502 0 130 321 -111
9000007:addChannel = 1 0.022260037376485502 0 130 -321 111
