9000006:new = BmL void 1 0 0 1.26 1.e-5 0. 0. 0. 
9000006:addChannel = 1 0.23371443095022293 0  11 -11
9000006:addChannel = 1 0.233644428207576 0  13 -13
9000006:addChannel = 1 0.11685721547513045 0  12 -12
9000006:addChannel = 1 0.11685721547513045 0  14 -14
9000006:addChannel = 1 0.11685721547513045 0  16 -16
9000006:addChannel = 1 0.1271094799432861 0  211 -211 111
9000006:addChannel = 1 0.00021708331204384036 0  111 22
9000006:addChannel = 1 0.027371465580739805 0 321 -321
9000006:addChannel = 1 0.027371465580739805 0 130 310
9000007:new = BmL void 1 0 0 1.26 1.e-5 0. 0. 0. 
9000007:addChannel = 1 0.23371443095022293 0  11 -11
9000007:addChannel = 1 0.233644428207576 0  13 -13
9000007:addChannel = 1 0.11685721547513045 0  12 -12
9000007:addChannel = 1 0.11685721547513045 0  14 -14
9000007:addChannel = 1 0.11685721547513045 0  16 -16
9000007:addChannel = 1 0.1271094799432861 0  211 -211 111
9000007:addChannel = 1 0.00021708331204384036 0  111 22
9000007:addChannel = 1 0.027371465580739805 0 321 -321
9000007:addChannel = 1 0.027371465580739805 0 130 310
