9000006:new = BmL void 1 0 0 0.42000000000000004 1.e-5 0. 0. 0. 
9000006:addChannel = 1 0.2878756131067476 0  11 -11
9000006:addChannel = 1 0.2802730954632956 0  13 -13
9000006:addChannel = 1 0.1439378065552662 0  12 -12
9000006:addChannel = 1 0.1439378065552662 0  14 -14
9000006:addChannel = 1 0.1439378065552662 0  16 -16
9000006:addChannel = 1 1.0093227179944164e-21 0  211 -211 111
9000006:addChannel = 1 3.787176415836922e-05 0  111 22
9000007:new = BmL void 1 0 0 0.42000000000000004 1.e-5 0. 0. 0. 
9000007:addChannel = 1 0.2878756131067476 0  11 -11
9000007:addChannel = 1 0.2802730954632956 0  13 -13
9000007:addChannel = 1 0.1439378065552662 0  12 -12
9000007:addChannel = 1 0.1439378065552662 0  14 -14
9000007:addChannel = 1 0.1439378065552662 0  16 -16
9000007:addChannel = 1 1.0093227179944164e-21 0  211 -211 111
9000007:addChannel = 1 3.787176415836922e-05 0  111 22
