9000006:new = BmL void 1 0 0 0.30000000000000004 1.e-5 0. 0. 0. 
9000006:addChannel = 1 0.2953406303349791 0  11 -11
9000006:addChannel = 1 0.2616417030143841 0  13 -13
9000006:addChannel = 1 0.1476703151749479 0  12 -12
9000006:addChannel = 1 0.1476703151749479 0  14 -14
9000006:addChannel = 1 0.1476703151749479 0  16 -16
9000006:addChannel = 1 6.7211257929986555e-06 0  111 22
9000007:new = BmL void 1 0 0 0.30000000000000004 1.e-5 0. 0. 0. 
9000007:addChannel = 1 0.2953406303349791 0  11 -11
9000007:addChannel = 1 0.2616417030143841 0  13 -13
9000007:addChannel = 1 0.1476703151749479 0  12 -12
9000007:addChannel = 1 0.1476703151749479 0  14 -14
9000007:addChannel = 1 0.1476703151749479 0  16 -16
9000007:addChannel = 1 6.7211257929986555e-06 0  111 22
