663:new = BmL void 1 0 0 1.46 1.e-5 0. 0. 0. 
663:addChannel = 1 0.24022061371183337 0  11 -11
663:addChannel = 1 0.24018079834324627 0  13 -13
663:addChannel = 1 0.12011030685592751 0  12 -12
663:addChannel = 1 0.12011030685592751 0  14 -14
663:addChannel = 1 0.12011030685592751 0  16 -16
663:addChannel = 1 0.10261925543106377 0  211 -211 111
663:addChannel = 1 0.00014347896815781674 0  111 22
663:addChannel = 1 0.045764429118245506 0  311 311
663:addChannel = 1 0.01074050385967075 0  311 311 111
