9000006:new = BmL void 1 0 0 2.18 1.e-5 0. 0. 0. 
9000006:addChannel = 1 0.22222411536969497 0  11 -11
9000006:addChannel = 1 0.2222167342157526 0  13 -13
9000006:addChannel = 1 0.1111120576848495 0  12 -12
9000006:addChannel = 1 0.1111120576848495 0  14 -14
9000006:addChannel = 1 0.1111120576848495 0  16 -16
9000006:addChannel = 1 0.07383380998133109 91  1 -1
9000006:addChannel = 1 0.07383380998133109 91  2 -2
9000006:addChannel = 1 0.07274661784731694 91  3 -3
9000007:new = BmL void 1 0 0 2.18 1.e-5 0. 0. 0. 
9000007:addChannel = 1 0.22222411536969497 0  11 -11
9000007:addChannel = 1 0.2222167342157526 0  13 -13
9000007:addChannel = 1 0.1111120576848495 0  12 -12
9000007:addChannel = 1 0.1111120576848495 0  14 -14
9000007:addChannel = 1 0.1111120576848495 0  16 -16
9000007:addChannel = 1 0.07383380998133109 91  1 -1
9000007:addChannel = 1 0.07383380998133109 91  2 -2
9000007:addChannel = 1 0.07274661784731694 91  3 -3
