9000006:new = BmL void 1 0 0 0.86 1.e-5 0. 0. 0. 
9000006:addChannel = 1 0.25671579738753203 0  11 -11
9000006:addChannel = 1 0.2563575281286404 0  13 -13
9000006:addChannel = 1 0.128357898693862 0  12 -12
9000006:addChannel = 1 0.128357898693862 0  14 -14
9000006:addChannel = 1 0.128357898693862 0  16 -16
9000006:addChannel = 1 0.09745276694869691 0  211 -211 111
9000006:addChannel = 1 0.004400211453544544 0  111 22
9000007:new = BmL void 1 0 0 0.86 1.e-5 0. 0. 0. 
9000007:addChannel = 1 0.25671579738753203 0  11 -11
9000007:addChannel = 1 0.2563575281286404 0  13 -13
9000007:addChannel = 1 0.128357898693862 0  12 -12
9000007:addChannel = 1 0.128357898693862 0  14 -14
9000007:addChannel = 1 0.128357898693862 0  16 -16
9000007:addChannel = 1 0.09745276694869691 0  211 -211 111
9000007:addChannel = 1 0.004400211453544544 0  111 22
