9000006:new = BmL void 1 0 0 1.6400000000000001 1.e-5 0. 0. 0. 
9000006:addChannel = 1 0.2191941929378 0  11 -11
9000006:addChannel = 1 0.21917140700335996 0  13 -13
9000006:addChannel = 1 0.10959709646890618 0  12 -12
9000006:addChannel = 1 0.10959709646890618 0  14 -14
9000006:addChannel = 1 0.10959709646890618 0  16 -16
9000006:addChannel = 1 0.14193216131134492 0  211 -211 111
9000006:addChannel = 1 0.0001009871485703089 0  111 22
9000006:addChannel = 1 0.017990363385370915 0 321 -321
9000006:addChannel = 1 0.017990363385370915 0 130 310
9000006:addChannel = 1 0.014321608753385734 0 321 -321 111
9000006:addChannel = 1 0.020253813334039344 0 130 321 -111
9000006:addChannel = 1 0.020253813334039344 0 130 -321 111
9000007:new = BmL void 1 0 0 1.6400000000000001 1.e-5 0. 0. 0. 
9000007:addChannel = 1 0.2191941929378 0  11 -11
9000007:addChannel = 1 0.21917140700335996 0  13 -13
9000007:addChannel = 1 0.10959709646890618 0  12 -12
9000007:addChannel = 1 0.10959709646890618 0  14 -14
9000007:addChannel = 1 0.10959709646890618 0  16 -16
9000007:addChannel = 1 0.14193216131134492 0  211 -211 111
9000007:addChannel = 1 0.0001009871485703089 0  111 22
9000007:addChannel = 1 0.017990363385370915 0 321 -321
9000007:addChannel = 1 0.017990363385370915 0 130 310
9000007:addChannel = 1 0.014321608753385734 0 321 -321 111
9000007:addChannel = 1 0.020253813334039344 0 130 321 -111
9000007:addChannel = 1 0.020253813334039344 0 130 -321 111
