9000006:new = BmL void 1 0 0 0.7000000000000001 1.e-5 0. 0. 0. 
9000006:addChannel = 1 0.2812115329006966 0  11 -11
9000006:addChannel = 1 0.2803076130716992 0  13 -13
9000006:addChannel = 1 0.14060576645058787 0  12 -12
9000006:addChannel = 1 0.14060576645058787 0  14 -14
9000006:addChannel = 1 0.14060576645058787 0  16 -16
9000006:addChannel = 1 0.01392455434538301 0  211 -211 111
9000006:addChannel = 1 0.00273900033045746 0  111 22
9000007:new = BmL void 1 0 0 0.7000000000000001 1.e-5 0. 0. 0. 
9000007:addChannel = 1 0.2812115329006966 0  11 -11
9000007:addChannel = 1 0.2803076130716992 0  13 -13
9000007:addChannel = 1 0.14060576645058787 0  12 -12
9000007:addChannel = 1 0.14060576645058787 0  14 -14
9000007:addChannel = 1 0.14060576645058787 0  16 -16
9000007:addChannel = 1 0.01392455434538301 0  211 -211 111
9000007:addChannel = 1 0.00273900033045746 0  111 22
