9000006:new = BmL void 1 0 0 1.98 1.e-5 0. 0. 0. 
9000006:addChannel = 1 0.27486668038304446 0  11 -11
9000006:addChannel = 1 0.27485325547036604 0  13 -13
9000006:addChannel = 1 0.13743334019152587 0  12 -12
9000006:addChannel = 1 0.13743334019152587 0  14 -14
9000006:addChannel = 1 0.13743334019152587 0  16 -16
9000006:addChannel = 1 0.022199326252523143 0  211 -211 111
9000006:addChannel = 1 8.995286982215752e-05 0  111 22
9000006:addChannel = 1 0.0038845533605134787 0 321 -321
9000006:addChannel = 1 0.0038845533605134787 0 130 310
9000006:addChannel = 1 0.002069167694857121 0 321 -321 111
9000006:addChannel = 1 0.0029262450168912146 0 130 321 -111
9000006:addChannel = 1 0.0029262450168912146 0 130 -321 111
9000007:new = BmL void 1 0 0 1.98 1.e-5 0. 0. 0. 
9000007:addChannel = 1 0.27486668038304446 0  11 -11
9000007:addChannel = 1 0.27485325547036604 0  13 -13
9000007:addChannel = 1 0.13743334019152587 0  12 -12
9000007:addChannel = 1 0.13743334019152587 0  14 -14
9000007:addChannel = 1 0.13743334019152587 0  16 -16
9000007:addChannel = 1 0.022199326252523143 0  211 -211 111
9000007:addChannel = 1 8.995286982215752e-05 0  111 22
9000007:addChannel = 1 0.0038845533605134787 0 321 -321
9000007:addChannel = 1 0.0038845533605134787 0 130 310
9000007:addChannel = 1 0.002069167694857121 0 321 -321 111
9000007:addChannel = 1 0.0029262450168912146 0 130 321 -111
9000007:addChannel = 1 0.0029262450168912146 0 130 -321 111
