9000006:new = BmL void 1 0 0 0.6 1.e-5 0. 0. 0. 
9000006:addChannel = 1 0.2858658659333471 0  11 -11
9000006:addChannel = 1 0.2841429754028769 0  13 -13
9000006:addChannel = 1 0.1429329329671248 0  12 -12
9000006:addChannel = 1 0.1429329329671248 0  14 -14
9000006:addChannel = 1 0.1429329329671248 0  16 -16
9000006:addChannel = 1 0.0007984365991439519 0  211 -211 111
9000006:addChannel = 1 0.000393923163257396 0  111 22
9000007:new = BmL void 1 0 0 0.6 1.e-5 0. 0. 0. 
9000007:addChannel = 1 0.2858658659333471 0  11 -11
9000007:addChannel = 1 0.2841429754028769 0  13 -13
9000007:addChannel = 1 0.1429329329671248 0  12 -12
9000007:addChannel = 1 0.1429329329671248 0  14 -14
9000007:addChannel = 1 0.1429329329671248 0  16 -16
9000007:addChannel = 1 0.0007984365991439519 0  211 -211 111
9000007:addChannel = 1 0.000393923163257396 0  111 22
