9000006:new = BmL void 1 0 0 0.9600000000000001 1.e-5 0. 0. 0. 
9000006:addChannel = 1 0.2690428661499287 0  11 -11
9000006:addChannel = 1 0.2688020513534412 0  13 -13
9000006:addChannel = 1 0.13452143307502917 0  12 -12
9000006:addChannel = 1 0.13452143307502917 0  14 -14
9000006:addChannel = 1 0.13452143307502917 0  16 -16
9000006:addChannel = 1 0.057492873143357145 0  211 -211 111
9000006:addChannel = 1 0.001097910128185157 0  111 22
9000007:new = BmL void 1 0 0 0.9600000000000001 1.e-5 0. 0. 0. 
9000007:addChannel = 1 0.2690428661499287 0  11 -11
9000007:addChannel = 1 0.2688020513534412 0  13 -13
9000007:addChannel = 1 0.13452143307502917 0  12 -12
9000007:addChannel = 1 0.13452143307502917 0  14 -14
9000007:addChannel = 1 0.13452143307502917 0  16 -16
9000007:addChannel = 1 0.057492873143357145 0  211 -211 111
9000007:addChannel = 1 0.001097910128185157 0  111 22
