9000006:new = BmL void 1 0 0 1.78 1.e-5 0. 0. 0. 
9000006:addChannel = 1 0.2595863240700391 0  11 -11
9000006:addChannel = 1 0.2595668952109808 0  13 -13
9000006:addChannel = 1 0.12979316203502486 0  12 -12
9000006:addChannel = 1 0.12979316203502486 0  14 -14
9000006:addChannel = 1 0.12979316203502486 0  16 -16
9000006:addChannel = 1 0.05479171557852977 0  211 -211 111
9000006:addChannel = 1 0.00010220225082226741 0  111 22
9000006:addChannel = 1 0.0022546370177104168 0 321 -321
9000006:addChannel = 1 0.0022546370177104168 0 130 310
9000006:addChannel = 1 0.008375267885308972 0 321 -321 111
9000006:addChannel = 1 0.011844417431911782 0 130 321 -111
9000006:addChannel = 1 0.011844417431911782 0 130 -321 111
9000007:new = BmL void 1 0 0 1.78 1.e-5 0. 0. 0. 
9000007:addChannel = 1 0.2595863240700391 0  11 -11
9000007:addChannel = 1 0.2595668952109808 0  13 -13
9000007:addChannel = 1 0.12979316203502486 0  12 -12
9000007:addChannel = 1 0.12979316203502486 0  14 -14
9000007:addChannel = 1 0.12979316203502486 0  16 -16
9000007:addChannel = 1 0.05479171557852977 0  211 -211 111
9000007:addChannel = 1 0.00010220225082226741 0  111 22
9000007:addChannel = 1 0.0022546370177104168 0 321 -321
9000007:addChannel = 1 0.0022546370177104168 0 130 310
9000007:addChannel = 1 0.008375267885308972 0 321 -321 111
9000007:addChannel = 1 0.011844417431911782 0 130 321 -111
9000007:addChannel = 1 0.011844417431911782 0 130 -321 111
