9000006:new = BmL void 1 0 0 1.96 1.e-5 0. 0. 0. 
9000006:addChannel = 1 0.2713475132825826 0  11 -11
9000006:addChannel = 1 0.27133370989034516 0  13 -13
9000006:addChannel = 1 0.13567375664129508 0  12 -12
9000006:addChannel = 1 0.13567375664129508 0  14 -14
9000006:addChannel = 1 0.13567375664129508 0  16 -16
9000006:addChannel = 1 0.0323137301262025 0  211 -211 111
9000006:addChannel = 1 9.030770859060538e-05 0  111 22
9000006:addChannel = 1 0.003842280788081477 0 321 -321
9000006:addChannel = 1 0.003842280788081477 0 130 310
9000006:addChannel = 1 0.0026666061961170802 0 321 -321 111
9000006:addChannel = 1 0.0037711506480569046 0 130 321 -111
9000006:addChannel = 1 0.0037711506480569046 0 130 -321 111
9000007:new = BmL void 1 0 0 1.96 1.e-5 0. 0. 0. 
9000007:addChannel = 1 0.2713475132825826 0  11 -11
9000007:addChannel = 1 0.27133370989034516 0  13 -13
9000007:addChannel = 1 0.13567375664129508 0  12 -12
9000007:addChannel = 1 0.13567375664129508 0  14 -14
9000007:addChannel = 1 0.13567375664129508 0  16 -16
9000007:addChannel = 1 0.0323137301262025 0  211 -211 111
9000007:addChannel = 1 9.030770859060538e-05 0  111 22
9000007:addChannel = 1 0.003842280788081477 0 321 -321
9000007:addChannel = 1 0.003842280788081477 0 130 310
9000007:addChannel = 1 0.0026666061961170802 0 321 -321 111
9000007:addChannel = 1 0.0037711506480569046 0 130 321 -111
9000007:addChannel = 1 0.0037711506480569046 0 130 -321 111
