9000006:new = BmL void 1 0 0 0.02 1.e-5 0. 0. 0. 
9000006:addChannel = 1 0.399999385806866 0  11 -11
9000006:addChannel = 1 0.20000020473104466 0  12 -12
9000006:addChannel = 1 0.20000020473104466 0  14 -14
9000006:addChannel = 1 0.20000020473104466 0  16 -16
9000007:new = BmL void 1 0 0 0.02 1.e-5 0. 0. 0. 
9000007:addChannel = 1 0.399999385806866 0  11 -11
9000007:addChannel = 1 0.20000020473104466 0  12 -12
9000007:addChannel = 1 0.20000020473104466 0  14 -14
9000007:addChannel = 1 0.20000020473104466 0  16 -16
