9000006:new = BmL void 1 0 0 0.13999999999999999 1.e-5 0. 0. 0. 
9000006:addChannel = 1 0.39999999974441125 0  11 -11
9000006:addChannel = 1 0.20000000008519622 0  12 -12
9000006:addChannel = 1 0.20000000008519622 0  14 -14
9000006:addChannel = 1 0.20000000008519622 0  16 -16
9000007:new = BmL void 1 0 0 0.13999999999999999 1.e-5 0. 0. 0. 
9000007:addChannel = 1 0.39999999974441125 0  11 -11
9000007:addChannel = 1 0.20000000008519622 0  12 -12
9000007:addChannel = 1 0.20000000008519622 0  14 -14
9000007:addChannel = 1 0.20000000008519622 0  16 -16
