9000006:new = BmL void 1 0 0 2.04 1.e-5 0. 0. 0. 
9000006:addChannel = 1 0.2222246151085202 0  11 -11
9000006:addChannel = 1 0.22221498513242013 0  13 -13
9000006:addChannel = 1 0.11111230755426273 0  12 -12
9000006:addChannel = 1 0.11111230755426273 0  14 -14
9000006:addChannel = 1 0.11111230755426273 0  16 -16
9000006:addChannel = 1 0.07375924200517092 91  1 -1
9000006:addChannel = 1 0.07375924200517092 91  2 -2
9000006:addChannel = 1 0.07232174097657479 91  3 -3
9000007:new = BmL void 1 0 0 2.04 1.e-5 0. 0. 0. 
9000007:addChannel = 1 0.2222246151085202 0  11 -11
9000007:addChannel = 1 0.22221498513242013 0  13 -13
9000007:addChannel = 1 0.11111230755426273 0  12 -12
9000007:addChannel = 1 0.11111230755426273 0  14 -14
9000007:addChannel = 1 0.11111230755426273 0  16 -16
9000007:addChannel = 1 0.07375924200517092 91  1 -1
9000007:addChannel = 1 0.07375924200517092 91  2 -2
9000007:addChannel = 1 0.07232174097657479 91  3 -3
