9000006:new = BmL void 1 0 0 1.6800000000000002 1.e-5 0. 0. 0. 
9000006:addChannel = 1 0.21990755480839044 0  11 -11
9000006:addChannel = 1 0.21988680081619472 0  13 -13
9000006:addChannel = 1 0.10995377740420087 0  12 -12
9000006:addChannel = 1 0.10995377740420087 0  14 -14
9000006:addChannel = 1 0.10995377740420087 0  16 -16
9000006:addChannel = 1 0.10153099896917685 0  211 -211 111
9000006:addChannel = 1 9.658339807185003e-05 0  111 22
9000006:addChannel = 1 0.010448687559166364 91 321 -321
9000006:addChannel = 1 0.010448687559166364 91 130 310
9000006:addChannel = 1 0.020940330394038715 91 321 -321 111
9000006:addChannel = 1 0.020940330394038715 91 130 321 -111
9000006:addChannel = 1 0.020940330394038715 91 130 -321 111
9000007:new = BmL void 1 0 0 1.6800000000000002 1.e-5 0. 0. 0. 
9000007:addChannel = 1 0.21990755480839044 0  11 -11
9000007:addChannel = 1 0.21988680081619472 0  13 -13
9000007:addChannel = 1 0.10995377740420087 0  12 -12
9000007:addChannel = 1 0.10995377740420087 0  14 -14
9000007:addChannel = 1 0.10995377740420087 0  16 -16
9000007:addChannel = 1 0.10153099896917685 0  211 -211 111
9000007:addChannel = 1 9.658339807185003e-05 0  111 22
9000007:addChannel = 1 0.010448687559166364 91 321 -321
9000007:addChannel = 1 0.010448687559166364 91 130 310
9000007:addChannel = 1 0.020940330394038715 91 321 -321 111
9000007:addChannel = 1 0.020940330394038715 91 130 321 -111
9000007:addChannel = 1 0.020940330394038715 91 130 -321 111
