9000006:new = BmL void 1 0 0 1.9200000000000002 1.e-5 0. 0. 0. 
9000006:addChannel = 1 0.2665764311393757 0  11 -11
9000006:addChannel = 1 0.2665617021610634 0  13 -13
9000006:addChannel = 1 0.13328821556969184 0  12 -12
9000006:addChannel = 1 0.13328821556969184 0  14 -14
9000006:addChannel = 1 0.13328821556969184 0  16 -16
9000006:addChannel = 1 0.04569202001981605 0  211 -211 111
9000006:addChannel = 1 9.184730989048779e-05 0  111 22
9000006:addChannel = 1 0.003633036891783092 0 321 -321
9000006:addChannel = 1 0.003633036891783092 0 130 310
9000006:addChannel = 1 0.003643083287927857 0 321 -321 111
9000006:addChannel = 1 0.005152097794642344 0 130 321 -111
9000006:addChannel = 1 0.005152097794642344 0 130 -321 111
9000007:new = BmL void 1 0 0 1.9200000000000002 1.e-5 0. 0. 0. 
9000007:addChannel = 1 0.2665764311393757 0  11 -11
9000007:addChannel = 1 0.2665617021610634 0  13 -13
9000007:addChannel = 1 0.13328821556969184 0  12 -12
9000007:addChannel = 1 0.13328821556969184 0  14 -14
9000007:addChannel = 1 0.13328821556969184 0  16 -16
9000007:addChannel = 1 0.04569202001981605 0  211 -211 111
9000007:addChannel = 1 9.184730989048779e-05 0  111 22
9000007:addChannel = 1 0.003633036891783092 0 321 -321
9000007:addChannel = 1 0.003633036891783092 0 130 310
9000007:addChannel = 1 0.003643083287927857 0 321 -321 111
9000007:addChannel = 1 0.005152097794642344 0 130 321 -111
9000007:addChannel = 1 0.005152097794642344 0 130 -321 111
