9000006:new = BmL void 1 0 0 2.16 1.e-5 0. 0. 0. 
9000006:addChannel = 1 0.22222417706937345 0  11 -11
9000006:addChannel = 1 0.2222165182671932 0  13 -13
9000006:addChannel = 1 0.11111208853468879 0  12 -12
9000006:addChannel = 1 0.11111208853468879 0  14 -14
9000006:addChannel = 1 0.11111208853468879 0  16 -16
9000006:addChannel = 1 0.07382463033708127 91  1 -1
9000006:addChannel = 1 0.07382463033708127 91  2 -2
9000006:addChannel = 1 0.07269459272946191 91  3 -3
9000007:new = BmL void 1 0 0 2.16 1.e-5 0. 0. 0. 
9000007:addChannel = 1 0.22222417706937345 0  11 -11
9000007:addChannel = 1 0.2222165182671932 0  13 -13
9000007:addChannel = 1 0.11111208853468879 0  12 -12
9000007:addChannel = 1 0.11111208853468879 0  14 -14
9000007:addChannel = 1 0.11111208853468879 0  16 -16
9000007:addChannel = 1 0.07382463033708127 91  1 -1
9000007:addChannel = 1 0.07382463033708127 91  2 -2
9000007:addChannel = 1 0.07269459272946191 91  3 -3
