9000006:new = BmL void 1 0 0 0.36000000000000004 1.e-5 0. 0. 0. 
9000006:addChannel = 1 0.28992860243239466 0  11 -11
9000006:addChannel = 1 0.2751614403080251 0  13 -13
9000006:addChannel = 1 0.14496430121972825 0  12 -12
9000006:addChannel = 1 0.14496430121972825 0  14 -14
9000006:addChannel = 1 0.14496430121972825 0  16 -16
9000006:addChannel = 1 1.7053600395488847e-05 0  111 22
9000007:new = BmL void 1 0 0 0.36000000000000004 1.e-5 0. 0. 0. 
9000007:addChannel = 1 0.28992860243239466 0  11 -11
9000007:addChannel = 1 0.2751614403080251 0  13 -13
9000007:addChannel = 1 0.14496430121972825 0  12 -12
9000007:addChannel = 1 0.14496430121972825 0  14 -14
9000007:addChannel = 1 0.14496430121972825 0  16 -16
9000007:addChannel = 1 1.7053600395488847e-05 0  111 22
