9000006:new = BmL void 1 0 0 0.06 1.e-5 0. 0. 0. 
9000006:addChannel = 1 0.39999999242324746 0  11 -11
9000006:addChannel = 1 0.20000000252558417 0  12 -12
9000006:addChannel = 1 0.20000000252558417 0  14 -14
9000006:addChannel = 1 0.20000000252558417 0  16 -16
9000007:new = BmL void 1 0 0 0.06 1.e-5 0. 0. 0. 
9000007:addChannel = 1 0.39999999242324746 0  11 -11
9000007:addChannel = 1 0.20000000252558417 0  12 -12
9000007:addChannel = 1 0.20000000252558417 0  14 -14
9000007:addChannel = 1 0.20000000252558417 0  16 -16
