9000006:new = BmL void 1 0 0 2.5 1.e-5 0. 0. 0. 
9000006:addChannel = 1 0.22245213040258657 0  11 -11
9000006:addChannel = 1 0.22244786158605648 0  13 -13
9000006:addChannel = 1 0.11122606520129447 0  12 -12
9000006:addChannel = 1 0.11122606520129447 0  14 -14
9000006:addChannel = 1 0.11122606520129447 0  16 -16
9000006:addChannel = 1 0.07401237206507093 91  1 -1
9000006:addChannel = 1 0.07401237206507093 91  2 -2
9000006:addChannel = 1 0.0733970682773317 91  3 -3
9000007:new = BmL void 1 0 0 2.5 1.e-5 0. 0. 0. 
9000007:addChannel = 1 0.22245213040258657 0  11 -11
9000007:addChannel = 1 0.22244786158605648 0  13 -13
9000007:addChannel = 1 0.11122606520129447 0  12 -12
9000007:addChannel = 1 0.11122606520129447 0  14 -14
9000007:addChannel = 1 0.11122606520129447 0  16 -16
9000007:addChannel = 1 0.07401237206507093 91  1 -1
9000007:addChannel = 1 0.07401237206507093 91  2 -2
9000007:addChannel = 1 0.0733970682773317 91  3 -3
