9000006:new = BmL void 1 0 0 0.26 1.e-5 0. 0. 0. 
9000006:addChannel = 1 0.3053414382604464 0  11 -11
9000006:addChannel = 1 0.2366432934893071 0  13 -13
9000006:addChannel = 1 0.15267071914389102 0  12 -12
9000006:addChannel = 1 0.15267071914389102 0  14 -14
9000006:addChannel = 1 0.15267071914389102 0  16 -16
9000006:addChannel = 1 3.110818573275923e-06 0  111 22
9000007:new = BmL void 1 0 0 0.26 1.e-5 0. 0. 0. 
9000007:addChannel = 1 0.3053414382604464 0  11 -11
9000007:addChannel = 1 0.2366432934893071 0  13 -13
9000007:addChannel = 1 0.15267071914389102 0  12 -12
9000007:addChannel = 1 0.15267071914389102 0  14 -14
9000007:addChannel = 1 0.15267071914389102 0  16 -16
9000007:addChannel = 1 3.110818573275923e-06 0  111 22
