9000006:new = BmL void 1 0 0 1.52 1.e-5 0. 0. 0. 
9000006:addChannel = 1 0.23448695761882754 0  11 -11
9000006:addChannel = 1 0.23445389344152173 0  13 -13
9000006:addChannel = 1 0.11724347880942275 0  12 -12
9000006:addChannel = 1 0.11724347880942275 0  14 -14
9000006:addChannel = 1 0.11724347880942275 0  16 -16
9000006:addChannel = 1 0.12166463660054304 0  211 -211 111
9000006:addChannel = 1 0.0001268386851151859 0  111 22
9000006:addChannel = 1 0.020918581489177208 0 321 -321
9000006:addChannel = 1 0.020918581489177208 0 130 310
9000006:addChannel = 1 0.004100920230631438 0 321 -321 111
9000006:addChannel = 1 0.0057995770083691806 0 130 321 -111
9000006:addChannel = 1 0.0057995770083691806 0 130 -321 111
9000007:new = BmL void 1 0 0 1.52 1.e-5 0. 0. 0. 
9000007:addChannel = 1 0.23448695761882754 0  11 -11
9000007:addChannel = 1 0.23445389344152173 0  13 -13
9000007:addChannel = 1 0.11724347880942275 0  12 -12
9000007:addChannel = 1 0.11724347880942275 0  14 -14
9000007:addChannel = 1 0.11724347880942275 0  16 -16
9000007:addChannel = 1 0.12166463660054304 0  211 -211 111
9000007:addChannel = 1 0.0001268386851151859 0  111 22
9000007:addChannel = 1 0.020918581489177208 0 321 -321
9000007:addChannel = 1 0.020918581489177208 0 130 310
9000007:addChannel = 1 0.004100920230631438 0 321 -321 111
9000007:addChannel = 1 0.0057995770083691806 0 130 321 -111
9000007:addChannel = 1 0.0057995770083691806 0 130 -321 111
