9000006:new = BmL void 1 0 0 1.2 1.e-5 0. 0. 0. 
9000006:addChannel = 1 0.2340352617980028 0  11 -11
9000006:addChannel = 1 0.2339499723274745 0  13 -13
9000006:addChannel = 1 0.11701763089902446 0  12 -12
9000006:addChannel = 1 0.11701763089902446 0  14 -14
9000006:addChannel = 1 0.11701763089902446 0  16 -16
9000006:addChannel = 1 0.12269090308379715 0  211 -211 111
9000006:addChannel = 1 0.00026064975176972303 0  111 22
9000006:addChannel = 1 0.02900516017094119 91 321 -321
9000006:addChannel = 1 0.02900516017094119 91 130 310
9000007:new = BmL void 1 0 0 1.2 1.e-5 0. 0. 0. 
9000007:addChannel = 1 0.2340352617980028 0  11 -11
9000007:addChannel = 1 0.2339499723274745 0  13 -13
9000007:addChannel = 1 0.11701763089902446 0  12 -12
9000007:addChannel = 1 0.11701763089902446 0  14 -14
9000007:addChannel = 1 0.11701763089902446 0  16 -16
9000007:addChannel = 1 0.12269090308379715 0  211 -211 111
9000007:addChannel = 1 0.00026064975176972303 0  111 22
9000007:addChannel = 1 0.02900516017094119 91 321 -321
9000007:addChannel = 1 0.02900516017094119 91 130 310
