9000006:new = BmL void 1 0 0 0.68 1.e-5 0. 0. 0. 
9000006:addChannel = 1 0.28346085031312457 0  11 -11
9000006:addChannel = 1 0.2824356765810479 0  13 -13
9000006:addChannel = 1 0.14173042515683346 0  12 -12
9000006:addChannel = 1 0.14173042515683346 0  14 -14
9000006:addChannel = 1 0.14173042515683346 0  16 -16
9000006:addChannel = 1 0.0072394384654561345 0  211 -211 111
9000006:addChannel = 1 0.0016727591698710111 0  111 22
9000007:new = BmL void 1 0 0 0.68 1.e-5 0. 0. 0. 
9000007:addChannel = 1 0.28346085031312457 0  11 -11
9000007:addChannel = 1 0.2824356765810479 0  13 -13
9000007:addChannel = 1 0.14173042515683346 0  12 -12
9000007:addChannel = 1 0.14173042515683346 0  14 -14
9000007:addChannel = 1 0.14173042515683346 0  16 -16
9000007:addChannel = 1 0.0072394384654561345 0  211 -211 111
9000007:addChannel = 1 0.0016727591698710111 0  111 22
