9000006:new = BmL void 1 0 0 0.44 1.e-5 0. 0. 0. 
9000006:addChannel = 1 0.28748406646505786 0  11 -11
9000006:addChannel = 1 0.2812393944358043 0  13 -13
9000006:addChannel = 1 0.14374203323409787 0  12 -12
9000006:addChannel = 1 0.14374203323409787 0  14 -14
9000006:addChannel = 1 0.14374203323409787 0  16 -16
9000006:addChannel = 1 1.7211970042880006e-06 0  211 -211 111
9000006:addChannel = 1 4.871819983996632e-05 0  111 22
9000007:new = BmL void 1 0 0 0.44 1.e-5 0. 0. 0. 
9000007:addChannel = 1 0.28748406646505786 0  11 -11
9000007:addChannel = 1 0.2812393944358043 0  13 -13
9000007:addChannel = 1 0.14374203323409787 0  12 -12
9000007:addChannel = 1 0.14374203323409787 0  14 -14
9000007:addChannel = 1 0.14374203323409787 0  16 -16
9000007:addChannel = 1 1.7211970042880006e-06 0  211 -211 111
9000007:addChannel = 1 4.871819983996632e-05 0  111 22
