663:new = BmL void 1 0 0 1.58 10**-5 0. 0. 0. 
663:addChannel = 1 0.21779309512853268 0  11 -11
663:addChannel = 1 0.21776680349661226 0  13 -13
663:addChannel = 1 0.10889654756427349 0  12 -12
663:addChannel = 1 0.10889654756427349 0  14 -14
663:addChannel = 1 0.10889654756427349 0  16 -16
663:addChannel = 1 0.1586049967509205 0  211 -211 111
663:addChannel = 1 0.00010834770896454955 0  111 22
663:addChannel = 1 0.03915266471125889 0  311 311
663:addChannel = 1 0.039884449510890804 0  311 311 111
