9000006:new = BmL void 1 0 0 1.74 1.e-5 0. 0. 0. 
9000006:addChannel = 1 0.22222621493121317 0  11 -11
9000006:addChannel = 1 0.22220799529174898 0  13 -13
9000006:addChannel = 1 0.11111310746561154 0  12 -12
9000006:addChannel = 1 0.11111310746561154 0  14 -14
9000006:addChannel = 1 0.11111310746561154 0  16 -16
9000006:addChannel = 1 0.0594429560037256 0  211 -211 111
9000006:addChannel = 1 9.125497289935743e-05 0  111 22
9000006:addChannel = 1 0.005066313248002024 0 321 -321
9000006:addChannel = 1 0.005066313248002024 0 130 310
9000006:addChannel = 1 0.01099049561714389 0 321 -321 111
9000006:addChannel = 1 0.01554290795896695 0 130 321 -111
9000006:addChannel = 1 0.01554290795896695 0 130 -321 111
9000007:new = BmL void 1 0 0 1.74 1.e-5 0. 0. 0. 
9000007:addChannel = 1 0.22222621493121317 0  11 -11
9000007:addChannel = 1 0.22220799529174898 0  13 -13
9000007:addChannel = 1 0.11111310746561154 0  12 -12
9000007:addChannel = 1 0.11111310746561154 0  14 -14
9000007:addChannel = 1 0.11111310746561154 0  16 -16
9000007:addChannel = 1 0.0594429560037256 0  211 -211 111
9000007:addChannel = 1 9.125497289935743e-05 0  111 22
9000007:addChannel = 1 0.005066313248002024 0 321 -321
9000007:addChannel = 1 0.005066313248002024 0 130 310
9000007:addChannel = 1 0.01099049561714389 0 321 -321 111
9000007:addChannel = 1 0.01554290795896695 0 130 321 -111
9000007:addChannel = 1 0.01554290795896695 0 130 -321 111
