9000006:new = BmL void 1 0 0 1.24 1.e-5 0. 0. 0. 
9000006:addChannel = 1 0.2341265817527277 0  11 -11
9000006:addChannel = 1 0.23405179732498 0  13 -13
9000006:addChannel = 1 0.11706329087638413 0  12 -12
9000006:addChannel = 1 0.11706329087638413 0  14 -14
9000006:addChannel = 1 0.11706329087638413 0  16 -16
9000006:addChannel = 1 0.12560886428504384 0  211 -211 111
9000006:addChannel = 1 0.0002302400804956723 0  111 22
9000006:addChannel = 1 0.027396321963800176 91 321 -321
9000006:addChannel = 1 0.027396321963800176 91 130 310
9000007:new = BmL void 1 0 0 1.24 1.e-5 0. 0. 0. 
9000007:addChannel = 1 0.2341265817527277 0  11 -11
9000007:addChannel = 1 0.23405179732498 0  13 -13
9000007:addChannel = 1 0.11706329087638413 0  12 -12
9000007:addChannel = 1 0.11706329087638413 0  14 -14
9000007:addChannel = 1 0.11706329087638413 0  16 -16
9000007:addChannel = 1 0.12560886428504384 0  211 -211 111
9000007:addChannel = 1 0.0002302400804956723 0  111 22
9000007:addChannel = 1 0.027396321963800176 91 321 -321
9000007:addChannel = 1 0.027396321963800176 91 130 310
