9000006:new = BmL void 1 0 0 0.54 1.e-5 0. 0. 0. 
9000006:addChannel = 1 0.28637902793083564 0  11 -11
9000006:addChannel = 1 0.28371950724820755 0  13 -13
9000006:addChannel = 1 0.14318951396610677 0  12 -12
9000006:addChannel = 1 0.14318951396610677 0  14 -14
9000006:addChannel = 1 0.14318951396610677 0  16 -16
9000006:addChannel = 1 0.0001619775532831136 0  211 -211 111
9000006:addChannel = 1 0.0001709453693532969 0  111 22
9000007:new = BmL void 1 0 0 0.54 1.e-5 0. 0. 0. 
9000007:addChannel = 1 0.28637902793083564 0  11 -11
9000007:addChannel = 1 0.28371950724820755 0  13 -13
9000007:addChannel = 1 0.14318951396610677 0  12 -12
9000007:addChannel = 1 0.14318951396610677 0  14 -14
9000007:addChannel = 1 0.14318951396610677 0  16 -16
9000007:addChannel = 1 0.0001619775532831136 0  211 -211 111
9000007:addChannel = 1 0.0001709453693532969 0  111 22
