663:new = BmL void 1 0 0 1.42 1.e-5 0. 0. 0. 
663:addChannel = 1 0.24025045108537596 0  11 -11
663:addChannel = 1 0.24020593274116173 0  13 -13
663:addChannel = 1 0.12012522554270007 0  12 -12
663:addChannel = 1 0.12012522554270007 0  14 -14
663:addChannel = 1 0.12012522554270007 0  16 -16
663:addChannel = 1 0.10516775860661089 0  211 -211 111
663:addChannel = 1 0.00015452909013812928 0  111 22
663:addChannel = 1 0.04899907949886733 0  311 311
663:addChannel = 1 0.00484657234974583 0  311 311 111
