9000006:new = BmL void 1 0 0 1.86 1.e-5 0. 0. 0. 
9000006:addChannel = 1 0.2222246700478985 0  11 -11
9000006:addChannel = 1 0.22221072524451102 0  13 -13
9000006:addChannel = 1 0.11111233502395305 0  12 -12
9000006:addChannel = 1 0.11111233502395305 0  14 -14
9000006:addChannel = 1 0.11111233502395305 0  16 -16
9000006:addChannel = 1 0.042356969454899314 0  211 -211 111
9000006:addChannel = 1 8.087200192383398e-05 0  111 22
9000006:addChannel = 1 0.0023390257645892355 0 321 -321
9000006:addChannel = 1 0.0023390257645892355 0 130 310
9000006:addChannel = 1 0.002820684647882351 0 321 -321 111
9000006:addChannel = 1 0.003989050484212799 0 130 321 -111
9000006:addChannel = 1 0.003989050484212799 0 130 -321 111
9000007:new = BmL void 1 0 0 1.86 1.e-5 0. 0. 0. 
9000007:addChannel = 1 0.2222246700478985 0  11 -11
9000007:addChannel = 1 0.22221072524451102 0  13 -13
9000007:addChannel = 1 0.11111233502395305 0  12 -12
9000007:addChannel = 1 0.11111233502395305 0  14 -14
9000007:addChannel = 1 0.11111233502395305 0  16 -16
9000007:addChannel = 1 0.042356969454899314 0  211 -211 111
9000007:addChannel = 1 8.087200192383398e-05 0  111 22
9000007:addChannel = 1 0.0023390257645892355 0 321 -321
9000007:addChannel = 1 0.0023390257645892355 0 130 310
9000007:addChannel = 1 0.002820684647882351 0 321 -321 111
9000007:addChannel = 1 0.003989050484212799 0 130 321 -111
9000007:addChannel = 1 0.003989050484212799 0 130 -321 111
