9000006:new = BmL void 1 0 0 0.16 1.e-5 0. 0. 0. 
9000006:addChannel = 1 0.3999999880741795 0  11 -11
9000006:addChannel = 1 0.19999999416194045 0  12 -12
9000006:addChannel = 1 0.19999999416194045 0  14 -14
9000006:addChannel = 1 0.19999999416194045 0  16 -16
9000006:addChannel = 1 2.943999914063763e-08 0  111 22
9000007:new = BmL void 1 0 0 0.16 1.e-5 0. 0. 0. 
9000007:addChannel = 1 0.3999999880741795 0  11 -11
9000007:addChannel = 1 0.19999999416194045 0  12 -12
9000007:addChannel = 1 0.19999999416194045 0  14 -14
9000007:addChannel = 1 0.19999999416194045 0  16 -16
9000007:addChannel = 1 2.943999914063763e-08 0  111 22
