9000006:new = BmL void 1 0 0 2.75 1.e-5 0. 0. 0. 
9000006:addChannel = 1 0.2223778297940346 0  11 -11
9000006:addChannel = 1 0.22237491631953754 0  13 -13
9000006:addChannel = 1 0.11118891489701808 0  12 -12
9000006:addChannel = 1 0.11118891489701808 0  14 -14
9000006:addChannel = 1 0.11118891489701808 0  16 -16
9000006:addChannel = 1 0.07403188834913738 91  1 -1
9000006:addChannel = 1 0.07403188834913738 91  2 -2
9000006:addChannel = 1 0.07361673249709884 91  3 -3
9000007:new = BmL void 1 0 0 2.75 1.e-5 0. 0. 0. 
9000007:addChannel = 1 0.2223778297940346 0  11 -11
9000007:addChannel = 1 0.22237491631953754 0  13 -13
9000007:addChannel = 1 0.11118891489701808 0  12 -12
9000007:addChannel = 1 0.11118891489701808 0  14 -14
9000007:addChannel = 1 0.11118891489701808 0  16 -16
9000007:addChannel = 1 0.07403188834913738 91  1 -1
9000007:addChannel = 1 0.07403188834913738 91  2 -2
9000007:addChannel = 1 0.07361673249709884 91  3 -3
