9000006:new = BmL void 1 0 0 0.28 1.e-5 0. 0. 0. 
9000006:addChannel = 1 0.2991404607335831 0  11 -11
9000006:addChannel = 1 0.2521441792715215 0  13 -13
9000006:addChannel = 1 0.14957023037674674 0  12 -12
9000006:addChannel = 1 0.14957023037674674 0  14 -14
9000006:addChannel = 1 0.14957023037674674 0  16 -16
9000006:addChannel = 1 4.668864655256225e-06 0  111 22
9000007:new = BmL void 1 0 0 0.28 1.e-5 0. 0. 0. 
9000007:addChannel = 1 0.2991404607335831 0  11 -11
9000007:addChannel = 1 0.2521441792715215 0  13 -13
9000007:addChannel = 1 0.14957023037674674 0  12 -12
9000007:addChannel = 1 0.14957023037674674 0  14 -14
9000007:addChannel = 1 0.14957023037674674 0  16 -16
9000007:addChannel = 1 4.668864655256225e-06 0  111 22
