9000006:new = BmL void 1 0 0 1.34 1.e-5 0. 0. 0. 
9000006:addChannel = 1 0.23612048877161362 0  11 -11
9000006:addChannel = 1 0.23606526267190284 0  13 -13
9000006:addChannel = 1 0.11806024438582181 0  12 -12
9000006:addChannel = 1 0.11806024438582181 0  14 -14
9000006:addChannel = 1 0.11806024438582181 0  16 -16
9000006:addChannel = 1 0.12318639186259554 0  211 -211 111
9000006:addChannel = 1 0.00017943268182734742 0  111 22
9000006:addChannel = 1 0.02513384542729761 0 321 -321
9000006:addChannel = 1 0.02513384542729761 0 130 310
9000007:new = BmL void 1 0 0 1.34 1.e-5 0. 0. 0. 
9000007:addChannel = 1 0.23612048877161362 0  11 -11
9000007:addChannel = 1 0.23606526267190284 0  13 -13
9000007:addChannel = 1 0.11806024438582181 0  12 -12
9000007:addChannel = 1 0.11806024438582181 0  14 -14
9000007:addChannel = 1 0.11806024438582181 0  16 -16
9000007:addChannel = 1 0.12318639186259554 0  211 -211 111
9000007:addChannel = 1 0.00017943268182734742 0  111 22
9000007:addChannel = 1 0.02513384542729761 0 321 -321
9000007:addChannel = 1 0.02513384542729761 0 130 310
