9000006:new = BmL void 1 0 0 1.4000000000000001 1.e-5 0. 0. 0. 
9000006:addChannel = 1 0.23989145217551727 0  11 -11
9000006:addChannel = 1 0.23984439512230268 0  13 -13
9000006:addChannel = 1 0.11994572608777142 0  12 -12
9000006:addChannel = 1 0.11994572608777142 0  14 -14
9000006:addChannel = 1 0.11994572608777142 0  16 -16
9000006:addChannel = 1 0.10951589585301416 0  211 -211 111
9000006:addChannel = 1 0.000160458594531177 0  111 22
9000006:addChannel = 1 0.0252041954228234 91 321 -321
9000006:addChannel = 1 0.0252041954228234 91 130 310
9000006:addChannel = 1 0.0001140763818912245 91 321 -321 111
9000006:addChannel = 1 0.0001140763818912245 91 130 321 -111
9000006:addChannel = 1 0.0001140763818912245 91 130 -321 111
9000007:new = BmL void 1 0 0 1.4000000000000001 1.e-5 0. 0. 0. 
9000007:addChannel = 1 0.23989145217551727 0  11 -11
9000007:addChannel = 1 0.23984439512230268 0  13 -13
9000007:addChannel = 1 0.11994572608777142 0  12 -12
9000007:addChannel = 1 0.11994572608777142 0  14 -14
9000007:addChannel = 1 0.11994572608777142 0  16 -16
9000007:addChannel = 1 0.10951589585301416 0  211 -211 111
9000007:addChannel = 1 0.000160458594531177 0  111 22
9000007:addChannel = 1 0.0252041954228234 91 321 -321
9000007:addChannel = 1 0.0252041954228234 91 130 310
9000007:addChannel = 1 0.0001140763818912245 91 321 -321 111
9000007:addChannel = 1 0.0001140763818912245 91 130 321 -111
9000007:addChannel = 1 0.0001140763818912245 91 130 -321 111
