9000006:new = BmL void 1 0 0 15.0 1.e-5 0. 0. 0. 
9000006:addChannel = 1 0.16285312371642924 0  11 -11
9000006:addChannel = 1 0.1628531213106628 0  13 -13
9000006:addChannel = 1 0.1626570282288321 0  15 -15
9000006:addChannel = 1 0.08142656185821462 0  12 -12
9000006:addChannel = 1 0.08142656185821462 0  14 -14
9000006:addChannel = 1 0.08142656185821462 0  16 -16
9000006:addChannel = 1 0.05428429822420864 91  1 -1
9000006:addChannel = 1 0.05428429822420864 91  2 -2
9000006:addChannel = 1 0.05428397186845775 91  3 -3
9000006:addChannel = 1 0.05425135963280869 91  4 -4
9000006:addChannel = 1 0.05025311321974846 91  5 -5
9000007:new = BmL void 1 0 0 15.0 1.e-5 0. 0. 0. 
9000007:addChannel = 1 0.16285312371642924 0  11 -11
9000007:addChannel = 1 0.1628531213106628 0  13 -13
9000007:addChannel = 1 0.1626570282288321 0  15 -15
9000007:addChannel = 1 0.08142656185821462 0  12 -12
9000007:addChannel = 1 0.08142656185821462 0  14 -14
9000007:addChannel = 1 0.08142656185821462 0  16 -16
9000007:addChannel = 1 0.05428429822420864 91  1 -1
9000007:addChannel = 1 0.05428429822420864 91  2 -2
9000007:addChannel = 1 0.05428397186845775 91  3 -3
9000007:addChannel = 1 0.05425135963280869 91  4 -4
9000007:addChannel = 1 0.05025311321974846 91  5 -5
