9000006:new = BmL void 1 0 0 0.19999999999999998 1.e-5 0. 0. 0. 
9000006:addChannel = 1 0.39999975089558876 0  11 -11
9000006:addChannel = 1 0.19999987549893294 0  12 -12
9000006:addChannel = 1 0.19999987549893294 0  14 -14
9000006:addChannel = 1 0.19999987549893294 0  16 -16
9000006:addChannel = 1 6.226076124231973e-07 0  111 22
9000007:new = BmL void 1 0 0 0.19999999999999998 1.e-5 0. 0. 0. 
9000007:addChannel = 1 0.39999975089558876 0  11 -11
9000007:addChannel = 1 0.19999987549893294 0  12 -12
9000007:addChannel = 1 0.19999987549893294 0  14 -14
9000007:addChannel = 1 0.19999987549893294 0  16 -16
9000007:addChannel = 1 6.226076124231973e-07 0  111 22
