9000006:new = BmL void 1 0 0 1.22 1.e-5 0. 0. 0. 
9000006:addChannel = 1 0.23417533570744653 0  11 -11
9000006:addChannel = 1 0.23409548269033914 0  13 -13
9000006:addChannel = 1 0.11708766785374491 0  12 -12
9000006:addChannel = 1 0.11708766785374491 0  14 -14
9000006:addChannel = 1 0.11708766785374491 0  16 -16
9000006:addChannel = 1 0.12390238088063502 0  211 -211 111
9000006:addChannel = 1 0.0002446289226934722 0  111 22
9000006:addChannel = 1 0.02815958411882565 0 321 -321
9000006:addChannel = 1 0.02815958411882565 0 130 310
9000007:new = BmL void 1 0 0 1.22 1.e-5 0. 0. 0. 
9000007:addChannel = 1 0.23417533570744653 0  11 -11
9000007:addChannel = 1 0.23409548269033914 0  13 -13
9000007:addChannel = 1 0.11708766785374491 0  12 -12
9000007:addChannel = 1 0.11708766785374491 0  14 -14
9000007:addChannel = 1 0.11708766785374491 0  16 -16
9000007:addChannel = 1 0.12390238088063502 0  211 -211 111
9000007:addChannel = 1 0.0002446289226934722 0  111 22
9000007:addChannel = 1 0.02815958411882565 0 321 -321
9000007:addChannel = 1 0.02815958411882565 0 130 310
