9000006:new = BmL void 1 0 0 0.5800000000000001 1.e-5 0. 0. 0. 
9000006:addChannel = 1 0.2860606419774134 0  11 -11
9000006:addChannel = 1 0.2840797985113799 0  13 -13
9000006:addChannel = 1 0.14303032098922377 0  12 -12
9000006:addChannel = 1 0.14303032098922377 0  14 -14
9000006:addChannel = 1 0.14303032098922377 0  16 -16
9000006:addChannel = 1 0.00047442322175051034 0  211 -211 111
9000006:addChannel = 1 0.00029417332178495687 0  111 22
9000007:new = BmL void 1 0 0 0.5800000000000001 1.e-5 0. 0. 0. 
9000007:addChannel = 1 0.2860606419774134 0  11 -11
9000007:addChannel = 1 0.2840797985113799 0  13 -13
9000007:addChannel = 1 0.14303032098922377 0  12 -12
9000007:addChannel = 1 0.14303032098922377 0  14 -14
9000007:addChannel = 1 0.14303032098922377 0  16 -16
9000007:addChannel = 1 0.00047442322175051034 0  211 -211 111
9000007:addChannel = 1 0.00029417332178495687 0  111 22
