9000006:new = BmL void 1 0 0 1.5 1.e-5 0. 0. 0. 
9000006:addChannel = 1 0.23859963344153415 0  11 -11
9000006:addChannel = 1 0.23856415255898575 0  13 -13
9000006:addChannel = 1 0.1192998167207767 0  12 -12
9000006:addChannel = 1 0.1192998167207767 0  14 -14
9000006:addChannel = 1 0.1192998167207767 0  16 -16
9000006:addChannel = 1 0.11050020020354752 0  211 -211 111
9000006:addChannel = 1 0.00013295725973897122 0  111 22
9000006:addChannel = 1 0.021655302731155388 0 321 -321
9000006:addChannel = 1 0.021655302731155388 0 130 310
9000006:addChannel = 1 0.0028714144355775047 0 321 -321 111
9000006:addChannel = 1 0.004060793237987594 0 130 321 -111
9000006:addChannel = 1 0.004060793237987594 0 130 -321 111
9000007:new = BmL void 1 0 0 1.5 1.e-5 0. 0. 0. 
9000007:addChannel = 1 0.23859963344153415 0  11 -11
9000007:addChannel = 1 0.23856415255898575 0  13 -13
9000007:addChannel = 1 0.1192998167207767 0  12 -12
9000007:addChannel = 1 0.1192998167207767 0  14 -14
9000007:addChannel = 1 0.1192998167207767 0  16 -16
9000007:addChannel = 1 0.11050020020354752 0  211 -211 111
9000007:addChannel = 1 0.00013295725973897122 0  111 22
9000007:addChannel = 1 0.021655302731155388 0 321 -321
9000007:addChannel = 1 0.021655302731155388 0 130 310
9000007:addChannel = 1 0.0028714144355775047 0 321 -321 111
9000007:addChannel = 1 0.004060793237987594 0 130 321 -111
9000007:addChannel = 1 0.004060793237987594 0 130 -321 111
