9000006:new = BmL void 1 0 0 1.08 1.e-5 0. 0. 0. 
9000006:addChannel = 1 0.2227444954721631 0  11 -11
9000006:addChannel = 1 0.22262046343280922 0  13 -13
9000006:addChannel = 1 0.11137224773611504 0  12 -12
9000006:addChannel = 1 0.11137224773611504 0  14 -14
9000006:addChannel = 1 0.11137224773611504 0  16 -16
9000006:addChannel = 1 0.12738824519405478 0  211 -211 111
9000006:addChannel = 1 0.0004037466724929642 0  111 22
9000006:addChannel = 1 0.04636315301006733 91 321 -321
9000006:addChannel = 1 0.04636315301006733 91 130 310
9000007:new = BmL void 1 0 0 1.08 1.e-5 0. 0. 0. 
9000007:addChannel = 1 0.2227444954721631 0  11 -11
9000007:addChannel = 1 0.22262046343280922 0  13 -13
9000007:addChannel = 1 0.11137224773611504 0  12 -12
9000007:addChannel = 1 0.11137224773611504 0  14 -14
9000007:addChannel = 1 0.11137224773611504 0  16 -16
9000007:addChannel = 1 0.12738824519405478 0  211 -211 111
9000007:addChannel = 1 0.0004037466724929642 0  111 22
9000007:addChannel = 1 0.04636315301006733 91 321 -321
9000007:addChannel = 1 0.04636315301006733 91 130 310
