9000006:new = BmL void 1 0 0 2.14 1.e-5 0. 0. 0. 
9000006:addChannel = 1 0.2222242416986433 0  11 -11
9000006:addChannel = 1 0.2222162920650793 0  13 -13
9000006:addChannel = 1 0.11111212084932381 0  12 -12
9000006:addChannel = 1 0.11111212084932381 0  14 -14
9000006:addChannel = 1 0.11111212084932381 0  16 -16
9000006:addChannel = 1 0.07381500649752341 91  1 -1
9000006:addChannel = 1 0.07381500649752341 91  2 -2
9000006:addChannel = 1 0.07263996435135353 91  3 -3
9000007:new = BmL void 1 0 0 2.14 1.e-5 0. 0. 0. 
9000007:addChannel = 1 0.2222242416986433 0  11 -11
9000007:addChannel = 1 0.2222162920650793 0  13 -13
9000007:addChannel = 1 0.11111212084932381 0  12 -12
9000007:addChannel = 1 0.11111212084932381 0  14 -14
9000007:addChannel = 1 0.11111212084932381 0  16 -16
9000007:addChannel = 1 0.07381500649752341 91  1 -1
9000007:addChannel = 1 0.07381500649752341 91  2 -2
9000007:addChannel = 1 0.07263996435135353 91  3 -3
