9000006:new = BmL void 1 0 0 0.7200000000000001 1.e-5 0. 0. 0. 
9000006:addChannel = 1 0.27606478564965853 0  11 -11
9000006:addChannel = 1 0.2752733924231778 0  13 -13
9000006:addChannel = 1 0.13803239282503937 0  12 -12
9000006:addChannel = 1 0.13803239282503937 0  14 -14
9000006:addChannel = 1 0.13803239282503937 0  16 -16
9000006:addChannel = 1 0.02957129403512119 0  211 -211 111
9000006:addChannel = 1 0.004993349416924383 0  111 22
9000007:new = BmL void 1 0 0 0.7200000000000001 1.e-5 0. 0. 0. 
9000007:addChannel = 1 0.27606478564965853 0  11 -11
9000007:addChannel = 1 0.2752733924231778 0  13 -13
9000007:addChannel = 1 0.13803239282503937 0  12 -12
9000007:addChannel = 1 0.13803239282503937 0  14 -14
9000007:addChannel = 1 0.13803239282503937 0  16 -16
9000007:addChannel = 1 0.02957129403512119 0  211 -211 111
9000007:addChannel = 1 0.004993349416924383 0  111 22
