9000006:new = BmL void 1 0 0 1.1600000000000001 1.e-5 0. 0. 0. 
9000006:addChannel = 1 0.23394857027030252 0  11 -11
9000006:addChannel = 1 0.23385085763647834 0  13 -13
9000006:addChannel = 1 0.11697428513517769 0  12 -12
9000006:addChannel = 1 0.11697428513517769 0  14 -14
9000006:addChannel = 1 0.11697428513517769 0  16 -16
9000006:addChannel = 1 0.12317148918221127 0  211 -211 111
9000006:addChannel = 1 0.00029987527737254123 0  111 22
9000006:addChannel = 1 0.028903176114051052 0 321 -321
9000006:addChannel = 1 0.028903176114051052 0 130 310
9000007:new = BmL void 1 0 0 1.1600000000000001 1.e-5 0. 0. 0. 
9000007:addChannel = 1 0.23394857027030252 0  11 -11
9000007:addChannel = 1 0.23385085763647834 0  13 -13
9000007:addChannel = 1 0.11697428513517769 0  12 -12
9000007:addChannel = 1 0.11697428513517769 0  14 -14
9000007:addChannel = 1 0.11697428513517769 0  16 -16
9000007:addChannel = 1 0.12317148918221127 0  211 -211 111
9000007:addChannel = 1 0.00029987527737254123 0  111 22
9000007:addChannel = 1 0.028903176114051052 0 321 -321
9000007:addChannel = 1 0.028903176114051052 0 130 310
