9000006:new = BmL void 1 0 0 3.75 1.e-5 0. 0. 0. 
9000006:addChannel = 1 0.19132422133099392 0  11 -11
9000006:addChannel = 1 0.19132349706374732 0  13 -13
9000006:addChannel = 1 0.08853311361772809 0  15 -15
9000006:addChannel = 1 0.09566211066549717 0  12 -12
9000006:addChannel = 1 0.09566211066549717 0  14 -14
9000006:addChannel = 1 0.09566211066549717 0  16 -16
9000006:addChannel = 1 0.06375155204047153 91  1 -1
9000006:addChannel = 1 0.06375155204047153 91  2 -2
9000006:addChannel = 1 0.06365081761380018 91  3 -3
9000006:addChannel = 1 0.0505095944313825 91  4 -4
9000007:new = BmL void 1 0 0 3.75 1.e-5 0. 0. 0. 
9000007:addChannel = 1 0.19132422133099392 0  11 -11
9000007:addChannel = 1 0.19132349706374732 0  13 -13
9000007:addChannel = 1 0.08853311361772809 0  15 -15
9000007:addChannel = 1 0.09566211066549717 0  12 -12
9000007:addChannel = 1 0.09566211066549717 0  14 -14
9000007:addChannel = 1 0.09566211066549717 0  16 -16
9000007:addChannel = 1 0.06375155204047153 91  1 -1
9000007:addChannel = 1 0.06375155204047153 91  2 -2
9000007:addChannel = 1 0.06365081761380018 91  3 -3
9000007:addChannel = 1 0.0505095944313825 91  4 -4
