9000006:new = BmL void 1 0 0 2.0 1.e-5 0. 0. 0. 
9000006:addChannel = 1 0.22280151893661737 0  11 -11
9000006:addChannel = 1 0.2227910665566864 0  13 -13
9000006:addChannel = 1 0.11140075946831153 0  12 -12
9000006:addChannel = 1 0.11140075946831153 0  14 -14
9000006:addChannel = 1 0.11140075946831153 0  16 -16
9000006:addChannel = 1 0.07392411016321675 91  1 -1
9000006:addChannel = 1 0.07392411016321675 91  2 -2
9000006:addChannel = 1 0.0723569157753282 91  3 -3
9000007:new = BmL void 1 0 0 2.0 1.e-5 0. 0. 0. 
9000007:addChannel = 1 0.22280151893661737 0  11 -11
9000007:addChannel = 1 0.2227910665566864 0  13 -13
9000007:addChannel = 1 0.11140075946831153 0  12 -12
9000007:addChannel = 1 0.11140075946831153 0  14 -14
9000007:addChannel = 1 0.11140075946831153 0  16 -16
9000007:addChannel = 1 0.07392411016321675 91  1 -1
9000007:addChannel = 1 0.07392411016321675 91  2 -2
9000007:addChannel = 1 0.0723569157753282 91  3 -3
