9000006:new = BmL void 1 0 0 0.8400000000000001 1.e-5 0. 0. 0. 
9000006:addChannel = 1 0.24553809508871724 0  11 -11
9000006:addChannel = 1 0.24516122172923172 0  13 -13
9000006:addChannel = 1 0.1227690475444595 0  12 -12
9000006:addChannel = 1 0.1227690475444595 0  14 -14
9000006:addChannel = 1 0.1227690475444595 0  16 -16
9000006:addChannel = 1 0.1337453541968858 0  211 -211 111
9000006:addChannel = 1 0.007248186351786827 0  111 22
9000007:new = BmL void 1 0 0 0.8400000000000001 1.e-5 0. 0. 0. 
9000007:addChannel = 1 0.24553809508871724 0  11 -11
9000007:addChannel = 1 0.24516122172923172 0  13 -13
9000007:addChannel = 1 0.1227690475444595 0  12 -12
9000007:addChannel = 1 0.1227690475444595 0  14 -14
9000007:addChannel = 1 0.1227690475444595 0  16 -16
9000007:addChannel = 1 0.1337453541968858 0  211 -211 111
9000007:addChannel = 1 0.007248186351786827 0  111 22
