9000006:new = BmL void 1 0 0 0.5 1.e-5 0. 0. 0. 
9000006:addChannel = 1 0.2867177902651011 0  11 -11
9000006:addChannel = 1 0.2830596049548149 0  13 -13
9000006:addChannel = 1 0.14335889513348893 0  12 -12
9000006:addChannel = 1 0.14335889513348893 0  14 -14
9000006:addChannel = 1 0.14335889513348893 0  16 -16
9000006:addChannel = 1 4.324917953632227e-05 0  211 -211 111
9000006:addChannel = 1 0.00010267020008112157 0  111 22
9000007:new = BmL void 1 0 0 0.5 1.e-5 0. 0. 0. 
9000007:addChannel = 1 0.2867177902651011 0  11 -11
9000007:addChannel = 1 0.2830596049548149 0  13 -13
9000007:addChannel = 1 0.14335889513348893 0  12 -12
9000007:addChannel = 1 0.14335889513348893 0  14 -14
9000007:addChannel = 1 0.14335889513348893 0  16 -16
9000007:addChannel = 1 4.324917953632227e-05 0  211 -211 111
9000007:addChannel = 1 0.00010267020008112157 0  111 22
