9000006:new = BmL void 1 0 0 1.7 1.e-5 0. 0. 0. 
9000006:addChannel = 1 0.22118356231530895 0  11 -11
9000006:addChannel = 1 0.22116365551130324 0  13 -13
9000006:addChannel = 1 0.11059178115765989 0  12 -12
9000006:addChannel = 1 0.11059178115765989 0  14 -14
9000006:addChannel = 1 0.11059178115765989 0  16 -16
9000006:addChannel = 1 0.08379194057130183 0  211 -211 111
9000006:addChannel = 1 9.494083228822786e-05 0  111 22
9000006:addChannel = 1 0.008014807564057926 0 321 -321
9000006:addChannel = 1 0.008014807564057926 0 130 310
9000006:addChannel = 1 0.016291691262487338 0 321 -321 111
9000006:addChannel = 1 0.023039930737404842 0 130 321 -111
9000006:addChannel = 1 0.023039930737404842 0 130 -321 111
9000007:new = BmL void 1 0 0 1.7 1.e-5 0. 0. 0. 
9000007:addChannel = 1 0.22118356231530895 0  11 -11
9000007:addChannel = 1 0.22116365551130324 0  13 -13
9000007:addChannel = 1 0.11059178115765989 0  12 -12
9000007:addChannel = 1 0.11059178115765989 0  14 -14
9000007:addChannel = 1 0.11059178115765989 0  16 -16
9000007:addChannel = 1 0.08379194057130183 0  211 -211 111
9000007:addChannel = 1 9.494083228822786e-05 0  111 22
9000007:addChannel = 1 0.008014807564057926 0 321 -321
9000007:addChannel = 1 0.008014807564057926 0 130 310
9000007:addChannel = 1 0.016291691262487338 0 321 -321 111
9000007:addChannel = 1 0.023039930737404842 0 130 321 -111
9000007:addChannel = 1 0.023039930737404842 0 130 -321 111
