9000006:new = BmL void 1 0 0 2.06 1.e-5 0. 0. 0. 
9000006:addChannel = 1 0.2227342209089469 0  11 -11
9000006:addChannel = 1 0.22272493891009248 0  13 -13
9000006:addChannel = 1 0.11136711045447599 0  12 -12
9000006:addChannel = 1 0.11136711045447599 0  14 -14
9000006:addChannel = 1 0.11136711045447599 0  16 -16
9000006:addChannel = 1 0.0739407181217513 91  1 -1
9000006:addChannel = 1 0.0739407181217513 91  2 -2
9000006:addChannel = 1 0.07255807257402999 91  3 -3
9000007:new = BmL void 1 0 0 2.06 1.e-5 0. 0. 0. 
9000007:addChannel = 1 0.2227342209089469 0  11 -11
9000007:addChannel = 1 0.22272493891009248 0  13 -13
9000007:addChannel = 1 0.11136711045447599 0  12 -12
9000007:addChannel = 1 0.11136711045447599 0  14 -14
9000007:addChannel = 1 0.11136711045447599 0  16 -16
9000007:addChannel = 1 0.0739407181217513 91  1 -1
9000007:addChannel = 1 0.0739407181217513 91  2 -2
9000007:addChannel = 1 0.07255807257402999 91  3 -3
