9000006:new = BmL void 1 0 0 1.54 1.e-5 0. 0. 0. 
9000006:addChannel = 1 0.22873954195675686 0  11 -11
9000006:addChannel = 1 0.22870893653058622 0  13 -13
9000006:addChannel = 1 0.11436977097838674 0  12 -12
9000006:addChannel = 1 0.11436977097838674 0  14 -14
9000006:addChannel = 1 0.11436977097838674 0  16 -16
9000006:addChannel = 1 0.13549450128662602 0  211 -211 111
9000006:addChannel = 1 0.00012022550325248014 0  111 22
9000006:addChannel = 1 0.020234299881496182 91 321 -321
9000006:addChannel = 1 0.020234299881496182 91 130 310
9000006:addChannel = 1 0.007786294008208571 91 321 -321 111
9000006:addChannel = 1 0.007786294008208571 91 130 321 -111
9000006:addChannel = 1 0.007786294008208571 91 130 -321 111
9000007:new = BmL void 1 0 0 1.54 1.e-5 0. 0. 0. 
9000007:addChannel = 1 0.22873954195675686 0  11 -11
9000007:addChannel = 1 0.22870893653058622 0  13 -13
9000007:addChannel = 1 0.11436977097838674 0  12 -12
9000007:addChannel = 1 0.11436977097838674 0  14 -14
9000007:addChannel = 1 0.11436977097838674 0  16 -16
9000007:addChannel = 1 0.13549450128662602 0  211 -211 111
9000007:addChannel = 1 0.00012022550325248014 0  111 22
9000007:addChannel = 1 0.020234299881496182 91 321 -321
9000007:addChannel = 1 0.020234299881496182 91 130 310
9000007:addChannel = 1 0.007786294008208571 91 321 -321 111
9000007:addChannel = 1 0.007786294008208571 91 130 321 -111
9000007:addChannel = 1 0.007786294008208571 91 130 -321 111
