663:new = BmL void 1 0 0 9.0 1.e-5 0. 0. 0. 
663:addChannel = 1 0.17175966125038322 0  11 -11
663:addChannel = 1 0.17175964166984434 0  13 -13
663:addChannel = 1 0.1701047444514703 0  15 -15
663:addChannel = 1 0.08587983062519162 0  12 -12
663:addChannel = 1 0.08587983062519162 0  14 -14
663:addChannel = 1 0.08587983062519162 0  16 -16
663:addChannel = 1 0.05725259837857766 91  1 -1
663:addChannel = 1 0.05725259837857766 91  2 -2
663:addChannel = 1 0.057249934495432586 91  3 -3
663:addChannel = 1 0.056977679083569266 91  4 -4
