9000006:new = BmL void 1 0 0 0.88 1.e-5 0. 0. 0. 
9000006:addChannel = 1 0.26273653227922567 0  11 -11
9000006:addChannel = 1 0.2624023923210756 0  13 -13
9000006:addChannel = 1 0.13136826613970243 0  12 -12
9000006:addChannel = 1 0.13136826613970243 0  14 -14
9000006:addChannel = 1 0.13136826613970243 0  16 -16
9000006:addChannel = 1 0.07776644033786485 0  211 -211 111
9000006:addChannel = 1 0.0029898366427267157 0  111 22
9000007:new = BmL void 1 0 0 0.88 1.e-5 0. 0. 0. 
9000007:addChannel = 1 0.26273653227922567 0  11 -11
9000007:addChannel = 1 0.2624023923210756 0  13 -13
9000007:addChannel = 1 0.13136826613970243 0  12 -12
9000007:addChannel = 1 0.13136826613970243 0  14 -14
9000007:addChannel = 1 0.13136826613970243 0  16 -16
9000007:addChannel = 1 0.07776644033786485 0  211 -211 111
9000007:addChannel = 1 0.0029898366427267157 0  111 22
