663:new = BmL void 1 0 0 7.0 1.e-5 0. 0. 0. 
663:addChannel = 1 0.17237222016961853 0  11 -11
663:addChannel = 1 0.1723721664663437 0  13 -13
663:addChannel = 1 0.16764518389415312 0  15 -15
663:addChannel = 1 0.08618611008480928 0  12 -12
663:addChannel = 1 0.08618611008480928 0  14 -14
663:addChannel = 1 0.08618611008480928 0  16 -16
663:addChannel = 1 0.05745569886287255 91  1 -1
663:addChannel = 1 0.05745569886287255 91  2 -2
663:addChannel = 1 0.057448370984597825 91  3 -3
663:addChannel = 1 0.05668076176397773 91  4 -4
