9000006:new = BmL void 1 0 0 1.44 1.e-5 0. 0. 0. 
9000006:addChannel = 1 0.24031830032866164 0  11 -11
9000006:addChannel = 1 0.24027620101184907 0  13 -13
9000006:addChannel = 1 0.12015915016434225 0  12 -12
9000006:addChannel = 1 0.12015915016434225 0  14 -14
9000006:addChannel = 1 0.12015915016434225 0  16 -16
9000006:addChannel = 1 0.10247478010893124 0  211 -211 111
9000006:addChannel = 1 0.00014885315522358716 0  111 22
9000006:addChannel = 1 0.023626893696814616 0 321 -321
9000006:addChannel = 1 0.023626893696814616 0 130 310
9000006:addChannel = 1 0.00236405897612028 0 321 -321 111
9000006:addChannel = 1 0.0033432842662791534 0 130 321 -111
9000006:addChannel = 1 0.0033432842662791534 0 130 -321 111
9000007:new = BmL void 1 0 0 1.44 1.e-5 0. 0. 0. 
9000007:addChannel = 1 0.24031830032866164 0  11 -11
9000007:addChannel = 1 0.24027620101184907 0  13 -13
9000007:addChannel = 1 0.12015915016434225 0  12 -12
9000007:addChannel = 1 0.12015915016434225 0  14 -14
9000007:addChannel = 1 0.12015915016434225 0  16 -16
9000007:addChannel = 1 0.10247478010893124 0  211 -211 111
9000007:addChannel = 1 0.00014885315522358716 0  111 22
9000007:addChannel = 1 0.023626893696814616 0 321 -321
9000007:addChannel = 1 0.023626893696814616 0 130 310
9000007:addChannel = 1 0.00236405897612028 0 321 -321 111
9000007:addChannel = 1 0.0033432842662791534 0 130 321 -111
9000007:addChannel = 1 0.0033432842662791534 0 130 -321 111
