9000006:new = BmL void 1 0 0 0.9400000000000001 1.e-5 0. 0. 0. 
9000006:addChannel = 1 0.2680977601267705 0  11 -11
9000006:addChannel = 1 0.26783651848745593 0  13 -13
9000006:addChannel = 1 0.1340488800634555 0  12 -12
9000006:addChannel = 1 0.1340488800634555 0  14 -14
9000006:addChannel = 1 0.1340488800634555 0  16 -16
9000006:addChannel = 1 0.06058502674101548 0  211 -211 111
9000006:addChannel = 1 0.0013340544543915076 0  111 22
9000007:new = BmL void 1 0 0 0.9400000000000001 1.e-5 0. 0. 0. 
9000007:addChannel = 1 0.2680977601267705 0  11 -11
9000007:addChannel = 1 0.26783651848745593 0  13 -13
9000007:addChannel = 1 0.1340488800634555 0  12 -12
9000007:addChannel = 1 0.1340488800634555 0  14 -14
9000007:addChannel = 1 0.1340488800634555 0  16 -16
9000007:addChannel = 1 0.06058502674101548 0  211 -211 111
9000007:addChannel = 1 0.0013340544543915076 0  111 22
