9000006:new = BmL void 1 0 0 0.34 1.e-5 0. 0. 0. 
9000006:addChannel = 1 0.2911423322974369 0  11 -11
9000006:addChannel = 1 0.27213140789232854 0  13 -13
9000006:addChannel = 1 0.14557116615317497 0  12 -12
9000006:addChannel = 1 0.14557116615317497 0  14 -14
9000006:addChannel = 1 0.14557116615317497 0  16 -16
9000006:addChannel = 1 1.2761350709651931e-05 0  111 22
9000007:new = BmL void 1 0 0 0.34 1.e-5 0. 0. 0. 
9000007:addChannel = 1 0.2911423322974369 0  11 -11
9000007:addChannel = 1 0.27213140789232854 0  13 -13
9000007:addChannel = 1 0.14557116615317497 0  12 -12
9000007:addChannel = 1 0.14557116615317497 0  14 -14
9000007:addChannel = 1 0.14557116615317497 0  16 -16
9000007:addChannel = 1 1.2761350709651931e-05 0  111 22
