9000006:new = BmL void 1 0 0 0.8200000000000001 1.e-5 0. 0. 0. 
9000006:addChannel = 1 0.22016381569682278 0  11 -11
9000006:addChannel = 1 0.21979128574855078 0  13 -13
9000006:addChannel = 1 0.110081907848511 0  12 -12
9000006:addChannel = 1 0.110081907848511 0  14 -14
9000006:addChannel = 1 0.110081907848511 0  16 -16
9000006:addChannel = 1 0.21543832963880805 0  211 -211 111
9000006:addChannel = 1 0.01436084537028527 0  111 22
9000007:new = BmL void 1 0 0 0.8200000000000001 1.e-5 0. 0. 0. 
9000007:addChannel = 1 0.22016381569682278 0  11 -11
9000007:addChannel = 1 0.21979128574855078 0  13 -13
9000007:addChannel = 1 0.110081907848511 0  12 -12
9000007:addChannel = 1 0.110081907848511 0  14 -14
9000007:addChannel = 1 0.110081907848511 0  16 -16
9000007:addChannel = 1 0.21543832963880805 0  211 -211 111
9000007:addChannel = 1 0.01436084537028527 0  111 22
