9000006:new = BmL void 1 0 0 40.0 1.e-5 0. 0. 0. 
9000006:addChannel = 1 0.16217414000631666 0  11 -11
9000006:addChannel = 1 0.16217413995894273 0  13 -13
9000006:addChannel = 1 0.1621703415004702 0  15 -15
9000006:addChannel = 1 0.08108707000315833 0  12 -12
9000006:addChannel = 1 0.08108707000315833 0  14 -14
9000006:addChannel = 1 0.08108707000315833 0  16 -16
9000006:addChannel = 1 0.05405804516609118 91  1 -1
9000006:addChannel = 1 0.05405804516609118 91  2 -2
9000006:addChannel = 1 0.054058038748462746 91  3 -3
9000006:addChannel = 1 0.05405740405091271 91  4 -4
9000006:addChannel = 1 0.05398945496133714 91  5 -5
9000007:new = BmL void 1 0 0 40.0 1.e-5 0. 0. 0. 
9000007:addChannel = 1 0.16217414000631666 0  11 -11
9000007:addChannel = 1 0.16217413995894273 0  13 -13
9000007:addChannel = 1 0.1621703415004702 0  15 -15
9000007:addChannel = 1 0.08108707000315833 0  12 -12
9000007:addChannel = 1 0.08108707000315833 0  14 -14
9000007:addChannel = 1 0.08108707000315833 0  16 -16
9000007:addChannel = 1 0.05405804516609118 91  1 -1
9000007:addChannel = 1 0.05405804516609118 91  2 -2
9000007:addChannel = 1 0.054058038748462746 91  3 -3
9000007:addChannel = 1 0.05405740405091271 91  4 -4
9000007:addChannel = 1 0.05398945496133714 91  5 -5
