9000006:new = BmL void 1 0 0 0.32 1.e-5 0. 0. 0. 
9000006:addChannel = 1 0.29285082898129045 0  11 -11
9000006:addChannel = 1 0.26786355360888 0  13 -13
9000006:addChannel = 1 0.14642541449635807 0  12 -12
9000006:addChannel = 1 0.14642541449635807 0  14 -14
9000006:addChannel = 1 0.14642541449635807 0  16 -16
9000006:addChannel = 1 9.373920755393649e-06 0  111 22
9000007:new = BmL void 1 0 0 0.32 1.e-5 0. 0. 0. 
9000007:addChannel = 1 0.29285082898129045 0  11 -11
9000007:addChannel = 1 0.26786355360888 0  13 -13
9000007:addChannel = 1 0.14642541449635807 0  12 -12
9000007:addChannel = 1 0.14642541449635807 0  14 -14
9000007:addChannel = 1 0.14642541449635807 0  16 -16
9000007:addChannel = 1 9.373920755393649e-06 0  111 22
