9000006:new = BmL void 1 0 0 4.0 1.e-5 0. 0. 0. 
9000006:addChannel = 1 0.18443347487387757 0  11 -11
9000006:addChannel = 1 0.18443293561420207 0  13 -13
9000006:addChannel = 1 0.11807595204638152 0  15 -15
9000006:addChannel = 1 0.09221673743693891 0  12 -12
9000006:addChannel = 1 0.09221673743693891 0  14 -14
9000006:addChannel = 1 0.09221673743693891 0  16 -16
9000006:addChannel = 1 0.06146057969178559 91  1 -1
9000006:addChannel = 1 0.06146057969178559 91  2 -2
9000006:addChannel = 1 0.061385824557551726 91  3 -3
9000006:addChannel = 1 0.05210044121359943 91  4 -4
9000007:new = BmL void 1 0 0 4.0 1.e-5 0. 0. 0. 
9000007:addChannel = 1 0.18443347487387757 0  11 -11
9000007:addChannel = 1 0.18443293561420207 0  13 -13
9000007:addChannel = 1 0.11807595204638152 0  15 -15
9000007:addChannel = 1 0.09221673743693891 0  12 -12
9000007:addChannel = 1 0.09221673743693891 0  14 -14
9000007:addChannel = 1 0.09221673743693891 0  16 -16
9000007:addChannel = 1 0.06146057969178559 91  1 -1
9000007:addChannel = 1 0.06146057969178559 91  2 -2
9000007:addChannel = 1 0.061385824557551726 91  3 -3
9000007:addChannel = 1 0.05210044121359943 91  4 -4
