9000006:new = BmL void 1 0 0 0.24 1.e-5 0. 0. 0. 
9000006:addChannel = 1 0.31667499835916807 0  11 -11
9000006:addChannel = 1 0.2083105415452068 0  13 -13
9000006:addChannel = 1 0.15833749919910836 0  12 -12
9000006:addChannel = 1 0.15833749919910836 0  14 -14
9000006:addChannel = 1 0.15833749919910836 0  16 -16
9000006:addChannel = 1 1.962498300073429e-06 0  111 22
9000007:new = BmL void 1 0 0 0.24 1.e-5 0. 0. 0. 
9000007:addChannel = 1 0.31667499835916807 0  11 -11
9000007:addChannel = 1 0.2083105415452068 0  13 -13
9000007:addChannel = 1 0.15833749919910836 0  12 -12
9000007:addChannel = 1 0.15833749919910836 0  14 -14
9000007:addChannel = 1 0.15833749919910836 0  16 -16
9000007:addChannel = 1 1.962498300073429e-06 0  111 22
