9000006:new = BmL void 1 0 0 0.46 1.e-5 0. 0. 0. 
9000006:addChannel = 1 0.28717437282089575 0  11 -11
9000006:addChannel = 1 0.2819939224472163 0  13 -13
9000006:addChannel = 1 0.14358718641175983 0  12 -12
9000006:addChannel = 1 0.14358718641175983 0  14 -14
9000006:addChannel = 1 0.14358718641175983 0  16 -16
9000006:addChannel = 1 7.666691359525777e-06 0  211 -211 111
9000006:addChannel = 1 6.247880524897623e-05 0  111 22
9000007:new = BmL void 1 0 0 0.46 1.e-5 0. 0. 0. 
9000007:addChannel = 1 0.28717437282089575 0  11 -11
9000007:addChannel = 1 0.2819939224472163 0  13 -13
9000007:addChannel = 1 0.14358718641175983 0  12 -12
9000007:addChannel = 1 0.14358718641175983 0  14 -14
9000007:addChannel = 1 0.14358718641175983 0  16 -16
9000007:addChannel = 1 7.666691359525777e-06 0  211 -211 111
9000007:addChannel = 1 6.247880524897623e-05 0  111 22
