9000006:new = BmL void 1 0 0 1.76 1.e-5 0. 0. 0. 
9000006:addChannel = 1 0.22222645704201485 0  11 -11
9000006:addChannel = 1 0.22220905349553832 0  13 -13
9000006:addChannel = 1 0.11111322852101217 0  12 -12
9000006:addChannel = 1 0.11111322852101217 0  14 -14
9000006:addChannel = 1 0.11111322852101217 0  16 -16
9000006:addChannel = 1 0.05194822572010009 0  211 -211 111
9000006:addChannel = 1 8.933503573089377e-05 0  111 22
9000006:addChannel = 1 0.0032609510306346647 0 321 -321
9000006:addChannel = 1 0.0032609510306346647 0 130 310
9000006:addChannel = 1 0.008515989060336843 0 321 -321 111
9000006:addChannel = 1 0.012043427226149275 0 130 321 -111
9000006:addChannel = 1 0.012043427226149275 0 130 -321 111
9000007:new = BmL void 1 0 0 1.76 1.e-5 0. 0. 0. 
9000007:addChannel = 1 0.22222645704201485 0  11 -11
9000007:addChannel = 1 0.22220905349553832 0  13 -13
9000007:addChannel = 1 0.11111322852101217 0  12 -12
9000007:addChannel = 1 0.11111322852101217 0  14 -14
9000007:addChannel = 1 0.11111322852101217 0  16 -16
9000007:addChannel = 1 0.05194822572010009 0  211 -211 111
9000007:addChannel = 1 8.933503573089377e-05 0  111 22
9000007:addChannel = 1 0.0032609510306346647 0 321 -321
9000007:addChannel = 1 0.0032609510306346647 0 130 310
9000007:addChannel = 1 0.008515989060336843 0 321 -321 111
9000007:addChannel = 1 0.012043427226149275 0 130 321 -111
9000007:addChannel = 1 0.012043427226149275 0 130 -321 111
