9000006:new = BmL void 1 0 0 1.02 1.e-5 0. 0. 0. 
9000006:addChannel = 1 0.02067420526530806 0  11 -11
9000006:addChannel = 1 0.020659712754383996 0  13 -13
9000006:addChannel = 1 0.010337102632657937 0  12 -12
9000006:addChannel = 1 0.010337102632657937 0  14 -14
9000006:addChannel = 1 0.010337102632657937 0  16 -16
9000006:addChannel = 1 0.1641861858382115 0  211 -211 111
9000006:addChannel = 1 5.2884617068678006e-05 0  111 22
9000006:addChannel = 1 0.381707851813527 0 321 -321
9000006:addChannel = 1 0.381707851813527 0 130 310
9000007:new = BmL void 1 0 0 1.02 1.e-5 0. 0. 0. 
9000007:addChannel = 1 0.02067420526530806 0  11 -11
9000007:addChannel = 1 0.020659712754383996 0  13 -13
9000007:addChannel = 1 0.010337102632657937 0  12 -12
9000007:addChannel = 1 0.010337102632657937 0  14 -14
9000007:addChannel = 1 0.010337102632657937 0  16 -16
9000007:addChannel = 1 0.1641861858382115 0  211 -211 111
9000007:addChannel = 1 5.2884617068678006e-05 0  111 22
9000007:addChannel = 1 0.381707851813527 0 321 -321
9000007:addChannel = 1 0.381707851813527 0 130 310
