9000006:new = BmL void 1 0 0 1.12 1.e-5 0. 0. 0. 
9000006:addChannel = 1 0.23005969788511865 0  11 -11
9000006:addChannel = 1 0.22994903809960965 0  13 -13
9000006:addChannel = 1 0.11502984894258923 0  12 -12
9000006:addChannel = 1 0.11502984894258923 0  14 -14
9000006:addChannel = 1 0.11502984894258923 0  16 -16
9000006:addChannel = 1 0.12405596511747674 0  211 -211 111
9000006:addChannel = 1 0.0003462582500930244 0  111 22
9000006:addChannel = 1 0.035249746909967045 91 321 -321
9000006:addChannel = 1 0.035249746909967045 91 130 310
9000007:new = BmL void 1 0 0 1.12 1.e-5 0. 0. 0. 
9000007:addChannel = 1 0.23005969788511865 0  11 -11
9000007:addChannel = 1 0.22994903809960965 0  13 -13
9000007:addChannel = 1 0.11502984894258923 0  12 -12
9000007:addChannel = 1 0.11502984894258923 0  14 -14
9000007:addChannel = 1 0.11502984894258923 0  16 -16
9000007:addChannel = 1 0.12405596511747674 0  211 -211 111
9000007:addChannel = 1 0.0003462582500930244 0  111 22
9000007:addChannel = 1 0.035249746909967045 91 321 -321
9000007:addChannel = 1 0.035249746909967045 91 130 310
