9000006:new = BmL void 1 0 0 1.84 1.e-5 0. 0. 0. 
9000006:addChannel = 1 0.26536867447789747 0  11 -11
9000006:addChannel = 1 0.26535128480012554 0  13 -13
9000006:addChannel = 1 0.13268433723895345 0  12 -12
9000006:addChannel = 1 0.13268433723895345 0  14 -14
9000006:addChannel = 1 0.13268433723895345 0  16 -16
9000006:addChannel = 1 0.05051025173989351 0  211 -211 111
9000006:addChannel = 1 9.84273643132515e-05 0  111 22
9000006:addChannel = 1 0.0023385614438365546 0 321 -321
9000006:addChannel = 1 0.0023385614438365546 0 130 310
9000006:addChannel = 1 0.004163910267534129 0 321 -321 111
9000006:addChannel = 1 0.0058886583728513485 0 130 321 -111
9000006:addChannel = 1 0.0058886583728513485 0 130 -321 111
9000007:new = BmL void 1 0 0 1.84 1.e-5 0. 0. 0. 
9000007:addChannel = 1 0.26536867447789747 0  11 -11
9000007:addChannel = 1 0.26535128480012554 0  13 -13
9000007:addChannel = 1 0.13268433723895345 0  12 -12
9000007:addChannel = 1 0.13268433723895345 0  14 -14
9000007:addChannel = 1 0.13268433723895345 0  16 -16
9000007:addChannel = 1 0.05051025173989351 0  211 -211 111
9000007:addChannel = 1 9.84273643132515e-05 0  111 22
9000007:addChannel = 1 0.0023385614438365546 0 321 -321
9000007:addChannel = 1 0.0023385614438365546 0 130 310
9000007:addChannel = 1 0.004163910267534129 0 321 -321 111
9000007:addChannel = 1 0.0058886583728513485 0 130 321 -111
9000007:addChannel = 1 0.0058886583728513485 0 130 -321 111
