9000006:new = BmL void 1 0 0 1.18 1.e-5 0. 0. 0. 
9000006:addChannel = 1 0.23403935576869542 0  11 -11
9000006:addChannel = 1 0.23394810061964866 0  13 -13
9000006:addChannel = 1 0.11701967788437243 0  12 -12
9000006:addChannel = 1 0.11701967788437243 0  14 -14
9000006:addChannel = 1 0.11701967788437243 0  16 -16
9000006:addChannel = 1 0.12255784477567054 0  211 -211 111
9000006:addChannel = 1 0.0002790123583732669 0  111 22
9000006:addChannel = 1 0.029058326412247364 0 321 -321
9000006:addChannel = 1 0.029058326412247364 0 130 310
9000007:new = BmL void 1 0 0 1.18 1.e-5 0. 0. 0. 
9000007:addChannel = 1 0.23403935576869542 0  11 -11
9000007:addChannel = 1 0.23394810061964866 0  13 -13
9000007:addChannel = 1 0.11701967788437243 0  12 -12
9000007:addChannel = 1 0.11701967788437243 0  14 -14
9000007:addChannel = 1 0.11701967788437243 0  16 -16
9000007:addChannel = 1 0.12255784477567054 0  211 -211 111
9000007:addChannel = 1 0.0002790123583732669 0  111 22
9000007:addChannel = 1 0.029058326412247364 0 321 -321
9000007:addChannel = 1 0.029058326412247364 0 130 310
