9000006:new = BmL void 1 0 0 0.64 1.e-5 0. 0. 0. 
9000006:addChannel = 1 0.28522082726499903 0  11 -11
9000006:addChannel = 1 0.2839002483254981 0  13 -13
9000006:addChannel = 1 0.14261041363284727 0  12 -12
9000006:addChannel = 1 0.14261041363284727 0  14 -14
9000006:addChannel = 1 0.14261041363284727 0  16 -16
9000006:addChannel = 1 0.00229318315217852 0  211 -211 111
9000006:addChannel = 1 0.0007545003587824871 0  111 22
9000007:new = BmL void 1 0 0 0.64 1.e-5 0. 0. 0. 
9000007:addChannel = 1 0.28522082726499903 0  11 -11
9000007:addChannel = 1 0.2839002483254981 0  13 -13
9000007:addChannel = 1 0.14261041363284727 0  12 -12
9000007:addChannel = 1 0.14261041363284727 0  14 -14
9000007:addChannel = 1 0.14261041363284727 0  16 -16
9000007:addChannel = 1 0.00229318315217852 0  211 -211 111
9000007:addChannel = 1 0.0007545003587824871 0  111 22
