9000006:new = BmL void 1 0 0 1.3800000000000001 1.e-5 0. 0. 0. 
9000006:addChannel = 1 0.23859172918580338 0  11 -11
9000006:addChannel = 1 0.23854214316836989 0  13 -13
9000006:addChannel = 1 0.11929586459291514 0  12 -12
9000006:addChannel = 1 0.11929586459291514 0  14 -14
9000006:addChannel = 1 0.11929586459291514 0  16 -16
9000006:addChannel = 1 0.11418553276525067 0  211 -211 111
9000006:addChannel = 1 0.00016622208588918416 0  111 22
9000006:addChannel = 1 0.02531338950797066 0 321 -321
9000006:addChannel = 1 0.02531338950797066 0 130 310
9000007:new = BmL void 1 0 0 1.3800000000000001 1.e-5 0. 0. 0. 
9000007:addChannel = 1 0.23859172918580338 0  11 -11
9000007:addChannel = 1 0.23854214316836989 0  13 -13
9000007:addChannel = 1 0.11929586459291514 0  12 -12
9000007:addChannel = 1 0.11929586459291514 0  14 -14
9000007:addChannel = 1 0.11929586459291514 0  16 -16
9000007:addChannel = 1 0.11418553276525067 0  211 -211 111
9000007:addChannel = 1 0.00016622208588918416 0  111 22
9000007:addChannel = 1 0.02531338950797066 0 321 -321
9000007:addChannel = 1 0.02531338950797066 0 130 310
