9000006:new = BmL void 1 0 0 3.0 1.e-5 0. 0. 0. 
9000006:addChannel = 1 0.22233135370829443 0  11 -11
9000006:addChannel = 1 0.22232929768004786 0  13 -13
9000006:addChannel = 1 0.1111656768541478 0  12 -12
9000006:addChannel = 1 0.1111656768541478 0  14 -14
9000006:addChannel = 1 0.1111656768541478 0  16 -16
9000006:addChannel = 1 0.07404426828790468 91  1 -1
9000006:addChannel = 1 0.07404426828790468 91  2 -2
9000006:addChannel = 1 0.07375378147340475 91  3 -3
9000007:new = BmL void 1 0 0 3.0 1.e-5 0. 0. 0. 
9000007:addChannel = 1 0.22233135370829443 0  11 -11
9000007:addChannel = 1 0.22232929768004786 0  13 -13
9000007:addChannel = 1 0.1111656768541478 0  12 -12
9000007:addChannel = 1 0.1111656768541478 0  14 -14
9000007:addChannel = 1 0.1111656768541478 0  16 -16
9000007:addChannel = 1 0.07404426828790468 91  1 -1
9000007:addChannel = 1 0.07404426828790468 91  2 -2
9000007:addChannel = 1 0.07375378147340475 91  3 -3
