9000006:new = BmL void 1 0 0 2.08 1.e-5 0. 0. 0. 
9000006:addChannel = 1 0.22271400673584169 0  11 -11
9000006:addChannel = 1 0.22270507803569387 0  13 -13
9000006:addChannel = 1 0.1113570033679233 0  12 -12
9000006:addChannel = 1 0.1113570033679233 0  14 -14
9000006:addChannel = 1 0.1113570033679233 0  16 -16
9000006:addChannel = 1 0.07394574052496398 91  1 -1
9000006:addChannel = 1 0.07394574052496398 91  2 -2
9000006:addChannel = 1 0.07261842407476653 91  3 -3
9000007:new = BmL void 1 0 0 2.08 1.e-5 0. 0. 0. 
9000007:addChannel = 1 0.22271400673584169 0  11 -11
9000007:addChannel = 1 0.22270507803569387 0  13 -13
9000007:addChannel = 1 0.1113570033679233 0  12 -12
9000007:addChannel = 1 0.1113570033679233 0  14 -14
9000007:addChannel = 1 0.1113570033679233 0  16 -16
9000007:addChannel = 1 0.07394574052496398 91  1 -1
9000007:addChannel = 1 0.07394574052496398 91  2 -2
9000007:addChannel = 1 0.07261842407476653 91  3 -3
