9000006:new = BmL void 1 0 0 1.36 1.e-5 0. 0. 0. 
9000006:addChannel = 1 0.23737037325773266 0  11 -11
9000006:addChannel = 1 0.2373180621908572 0  13 -13
9000006:addChannel = 1 0.11868518662888054 0  12 -12
9000006:addChannel = 1 0.11868518662888054 0  14 -14
9000006:addChannel = 1 0.11868518662888054 0  16 -16
9000006:addChannel = 1 0.11895320626473334 0  211 -211 111
9000006:addChannel = 1 0.0001725492717285317 0  111 22
9000006:addChannel = 1 0.025065124564153277 0 321 -321
9000006:addChannel = 1 0.025065124564153277 0 130 310
9000007:new = BmL void 1 0 0 1.36 1.e-5 0. 0. 0. 
9000007:addChannel = 1 0.23737037325773266 0  11 -11
9000007:addChannel = 1 0.2373180621908572 0  13 -13
9000007:addChannel = 1 0.11868518662888054 0  12 -12
9000007:addChannel = 1 0.11868518662888054 0  14 -14
9000007:addChannel = 1 0.11868518662888054 0  16 -16
9000007:addChannel = 1 0.11895320626473334 0  211 -211 111
9000007:addChannel = 1 0.0001725492717285317 0  111 22
9000007:addChannel = 1 0.025065124564153277 0 321 -321
9000007:addChannel = 1 0.025065124564153277 0 130 310
