9000006:new = BmL void 1 0 0 1.04 1.e-5 0. 0. 0. 
9000006:addChannel = 1 0.18248450781233766 0  11 -11
9000006:addChannel = 1 0.18236621366102734 0  13 -13
9000006:addChannel = 1 0.09124225390620073 0  12 -12
9000006:addChannel = 1 0.09124225390620073 0  14 -14
9000006:addChannel = 1 0.09124225390620073 0  16 -16
9000006:addChannel = 1 0.1502776345440829 0  211 -211 111
9000006:addChannel = 1 0.00041177264218852764 0  111 22
9000006:addChannel = 1 0.1053665548108806 0 321 -321
9000006:addChannel = 1 0.1053665548108806 0 130 310
9000007:new = BmL void 1 0 0 1.04 1.e-5 0. 0. 0. 
9000007:addChannel = 1 0.18248450781233766 0  11 -11
9000007:addChannel = 1 0.18236621366102734 0  13 -13
9000007:addChannel = 1 0.09124225390620073 0  12 -12
9000007:addChannel = 1 0.09124225390620073 0  14 -14
9000007:addChannel = 1 0.09124225390620073 0  16 -16
9000007:addChannel = 1 0.1502776345440829 0  211 -211 111
9000007:addChannel = 1 0.00041177264218852764 0  111 22
9000007:addChannel = 1 0.1053665548108806 0 321 -321
9000007:addChannel = 1 0.1053665548108806 0 130 310
