663:new = BmL void 1 0 0 1.56 10**-5 0. 0. 0. 
663:addChannel = 1 0.22273214068006272 0  11 -11
663:addChannel = 1 0.2227038427883043 0  13 -13
663:addChannel = 1 0.11136607034003906 0  12 -12
663:addChannel = 1 0.11136607034003906 0  14 -14
663:addChannel = 1 0.11136607034003906 0  16 -16
663:addChannel = 1 0.14890394657241593 0  211 -211 111
663:addChannel = 1 0.00011384285174440152 0  111 22
663:addChannel = 1 0.039526045685086664 0  311 311
663:addChannel = 1 0.031921970402268796 0  311 311 111
