9000006:new = BmL void 1 0 0 6.0 1.e-5 0. 0. 0. 
9000006:addChannel = 1 0.17325968000568778 0  11 -11
9000006:addChannel = 1 0.17325957999052555 0  13 -13
9000006:addChannel = 1 0.16408704405264726 0  15 -15
9000006:addChannel = 1 0.0866298400028439 0  12 -12
9000006:addChannel = 1 0.0866298400028439 0  14 -14
9000006:addChannel = 1 0.0866298400028439 0  16 -16
9000006:addChannel = 1 0.05775004292291869 91  1 -1
9000006:addChannel = 1 0.05775004292291869 91  2 -2
9000006:addChannel = 1 0.05773635847058716 91  3 -3
9000006:addChannel = 1 0.05626773162618315 91  4 -4
9000007:new = BmL void 1 0 0 6.0 1.e-5 0. 0. 0. 
9000007:addChannel = 1 0.17325968000568778 0  11 -11
9000007:addChannel = 1 0.17325957999052555 0  13 -13
9000007:addChannel = 1 0.16408704405264726 0  15 -15
9000007:addChannel = 1 0.0866298400028439 0  12 -12
9000007:addChannel = 1 0.0866298400028439 0  14 -14
9000007:addChannel = 1 0.0866298400028439 0  16 -16
9000007:addChannel = 1 0.05775004292291869 91  1 -1
9000007:addChannel = 1 0.05775004292291869 91  2 -2
9000007:addChannel = 1 0.05773635847058716 91  3 -3
9000007:addChannel = 1 0.05626773162618315 91  4 -4
