9000006:new = BmL void 1 0 0 1.48 1.e-5 0. 0. 0. 
9000006:addChannel = 1 0.24100736949882723 0  11 -11
9000006:addChannel = 1 0.24096954679397278 0  13 -13
9000006:addChannel = 1 0.1205036847494239 0  12 -12
9000006:addChannel = 1 0.1205036847494239 0  14 -14
9000006:addChannel = 1 0.1205036847494239 0  16 -16
9000006:addChannel = 1 0.10132433033507406 0  211 -211 111
9000006:addChannel = 1 0.00013896484925303565 0  111 22
9000006:addChannel = 1 0.02236668892634057 0 321 -321
9000006:addChannel = 1 0.02236668892634057 0 130 310
9000006:addChannel = 1 0.002694411069037667 0 321 -321 111
9000006:addChannel = 1 0.0038104726764412586 0 130 321 -111
9000006:addChannel = 1 0.0038104726764412586 0 130 -321 111
9000007:new = BmL void 1 0 0 1.48 1.e-5 0. 0. 0. 
9000007:addChannel = 1 0.24100736949882723 0  11 -11
9000007:addChannel = 1 0.24096954679397278 0  13 -13
9000007:addChannel = 1 0.1205036847494239 0  12 -12
9000007:addChannel = 1 0.1205036847494239 0  14 -14
9000007:addChannel = 1 0.1205036847494239 0  16 -16
9000007:addChannel = 1 0.10132433033507406 0  211 -211 111
9000007:addChannel = 1 0.00013896484925303565 0  111 22
9000007:addChannel = 1 0.02236668892634057 0 321 -321
9000007:addChannel = 1 0.02236668892634057 0 130 310
9000007:addChannel = 1 0.002694411069037667 0 321 -321 111
9000007:addChannel = 1 0.0038104726764412586 0 130 321 -111
9000007:addChannel = 1 0.0038104726764412586 0 130 -321 111
