9000006:new = BmL void 1 0 0 8.0 1.e-5 0. 0. 0. 
9000006:addChannel = 1 0.17196767327506898 0  11 -11
9000006:addChannel = 1 0.17196764187131391 0  13 -13
9000006:addChannel = 1 0.16927058264542247 0  15 -15
9000006:addChannel = 1 0.08598383663753449 0  12 -12
9000006:addChannel = 1 0.08598383663753449 0  14 -14
9000006:addChannel = 1 0.08598383663753449 0  16 -16
9000006:addChannel = 1 0.057321559689295795 91  1 -1
9000006:addChannel = 1 0.057321559689295795 91  2 -2
9000006:addChannel = 1 0.05731728214515926 91  3 -3
9000006:addChannel = 1 0.05687579966697724 91  4 -4
9000007:new = BmL void 1 0 0 8.0 1.e-5 0. 0. 0. 
9000007:addChannel = 1 0.17196767327506898 0  11 -11
9000007:addChannel = 1 0.17196764187131391 0  13 -13
9000007:addChannel = 1 0.16927058264542247 0  15 -15
9000007:addChannel = 1 0.08598383663753449 0  12 -12
9000007:addChannel = 1 0.08598383663753449 0  14 -14
9000007:addChannel = 1 0.08598383663753449 0  16 -16
9000007:addChannel = 1 0.057321559689295795 91  1 -1
9000007:addChannel = 1 0.057321559689295795 91  2 -2
9000007:addChannel = 1 0.05731728214515926 91  3 -3
9000007:addChannel = 1 0.05687579966697724 91  4 -4
