9000006:new = BmL void 1 0 0 1.6 1.e-5 0. 0. 0. 
9000006:addChannel = 1 0.2151179688664031 0  11 -11
9000006:addChannel = 1 0.2150932781725773 0  13 -13
9000006:addChannel = 1 0.10755898443320827 0  12 -12
9000006:addChannel = 1 0.10755898443320827 0  14 -14
9000006:addChannel = 1 0.10755898443320827 0  16 -16
9000006:addChannel = 1 0.1613174703801526 0  211 -211 111
9000006:addChannel = 1 0.0001042375629939108 0  111 22
9000006:addChannel = 1 0.01969727681925343 91 321 -321
9000006:addChannel = 1 0.01969727681925343 91 130 310
9000006:addChannel = 1 0.0154318460265805 91 321 -321 111
9000006:addChannel = 1 0.0154318460265805 91 130 321 -111
9000006:addChannel = 1 0.0154318460265805 91 130 -321 111
9000007:new = BmL void 1 0 0 1.6 1.e-5 0. 0. 0. 
9000007:addChannel = 1 0.2151179688664031 0  11 -11
9000007:addChannel = 1 0.2150932781725773 0  13 -13
9000007:addChannel = 1 0.10755898443320827 0  12 -12
9000007:addChannel = 1 0.10755898443320827 0  14 -14
9000007:addChannel = 1 0.10755898443320827 0  16 -16
9000007:addChannel = 1 0.1613174703801526 0  211 -211 111
9000007:addChannel = 1 0.0001042375629939108 0  111 22
9000007:addChannel = 1 0.01969727681925343 91 321 -321
9000007:addChannel = 1 0.01969727681925343 91 130 310
9000007:addChannel = 1 0.0154318460265805 91 321 -321 111
9000007:addChannel = 1 0.0154318460265805 91 130 321 -111
9000007:addChannel = 1 0.0154318460265805 91 130 -321 111
