9000006:new = BmL void 1 0 0 0.62 1.e-5 0. 0. 0. 
9000006:addChannel = 1 0.28560696720186884 0  11 -11
9000006:addChannel = 1 0.28410160229770304 0  13 -13
9000006:addChannel = 1 0.14280348360132977 0  12 -12
9000006:addChannel = 1 0.14280348360132977 0  14 -14
9000006:addChannel = 1 0.14280348360132977 0  16 -16
9000006:addChannel = 1 0.0013429304430650605 0  211 -211 111
9000006:addChannel = 1 0.0005380492533737463 0  111 22
9000007:new = BmL void 1 0 0 0.62 1.e-5 0. 0. 0. 
9000007:addChannel = 1 0.28560696720186884 0  11 -11
9000007:addChannel = 1 0.28410160229770304 0  13 -13
9000007:addChannel = 1 0.14280348360132977 0  12 -12
9000007:addChannel = 1 0.14280348360132977 0  14 -14
9000007:addChannel = 1 0.14280348360132977 0  16 -16
9000007:addChannel = 1 0.0013429304430650605 0  211 -211 111
9000007:addChannel = 1 0.0005380492533737463 0  111 22
