9000006:new = BmL void 1 0 0 1.3 1.e-5 0. 0. 0. 
9000006:addChannel = 1 0.23368814407677402 0  11 -11
9000006:addChannel = 1 0.23362641030730094 0  13 -13
9000006:addChannel = 1 0.11684407203840375 0  12 -12
9000006:addChannel = 1 0.11684407203840375 0  14 -14
9000006:addChannel = 1 0.11684407203840375 0  16 -16
9000006:addChannel = 1 0.12786842707929919 0  211 -211 111
9000006:addChannel = 1 0.00019534459339668492 0  111 22
9000006:addChannel = 1 0.027044728914008928 91 321 -321
9000006:addChannel = 1 0.027044728914008928 91 130 310
9000007:new = BmL void 1 0 0 1.3 1.e-5 0. 0. 0. 
9000007:addChannel = 1 0.23368814407677402 0  11 -11
9000007:addChannel = 1 0.23362641030730094 0  13 -13
9000007:addChannel = 1 0.11684407203840375 0  12 -12
9000007:addChannel = 1 0.11684407203840375 0  14 -14
9000007:addChannel = 1 0.11684407203840375 0  16 -16
9000007:addChannel = 1 0.12786842707929919 0  211 -211 111
9000007:addChannel = 1 0.00019534459339668492 0  111 22
9000007:addChannel = 1 0.027044728914008928 91 321 -321
9000007:addChannel = 1 0.027044728914008928 91 130 310
