9000006:new = BmL void 1 0 0 1.9000000000000001 1.e-5 0. 0. 0. 
9000006:addChannel = 1 0.22222449368957967 0  11 -11
9000006:addChannel = 1 0.22221168894893906 0  13 -13
9000006:addChannel = 1 0.11111224684479333 0  12 -12
9000006:addChannel = 1 0.11111224684479333 0  14 -14
9000006:addChannel = 1 0.11111224684479333 0  16 -16
9000006:addChannel = 1 0.04087461157756522 0  211 -211 111
9000006:addChannel = 1 7.79456856106099e-05 0  111 22
9000006:addChannel = 1 0.0028755849483432534 0 321 -321
9000006:addChannel = 1 0.0028755849483432534 0 130 310
9000006:addChannel = 1 0.003094252730720623 0 321 -321 111
9000006:addChannel = 1 0.00437593417719509 0 130 321 -111
9000006:addChannel = 1 0.00437593417719509 0 130 -321 111
9000007:new = BmL void 1 0 0 1.9000000000000001 1.e-5 0. 0. 0. 
9000007:addChannel = 1 0.22222449368957967 0  11 -11
9000007:addChannel = 1 0.22221168894893906 0  13 -13
9000007:addChannel = 1 0.11111224684479333 0  12 -12
9000007:addChannel = 1 0.11111224684479333 0  14 -14
9000007:addChannel = 1 0.11111224684479333 0  16 -16
9000007:addChannel = 1 0.04087461157756522 0  211 -211 111
9000007:addChannel = 1 7.79456856106099e-05 0  111 22
9000007:addChannel = 1 0.0028755849483432534 0 321 -321
9000007:addChannel = 1 0.0028755849483432534 0 130 310
9000007:addChannel = 1 0.003094252730720623 0 321 -321 111
9000007:addChannel = 1 0.00437593417719509 0 130 321 -111
9000007:addChannel = 1 0.00437593417719509 0 130 -321 111
