9000006:new = BmL void 1 0 0 0.9 1.e-5 0. 0. 0. 
9000006:addChannel = 1 0.26588152258243086 0  11 -11
9000006:addChannel = 1 0.26557272588107456 0  13 -13
9000006:addChannel = 1 0.1329407612912983 0  12 -12
9000006:addChannel = 1 0.1329407612912983 0  14 -14
9000006:addChannel = 1 0.1329407612912983 0  16 -16
9000006:addChannel = 1 0.06754143118306863 0  211 -211 111
9000006:addChannel = 1 0.0021820364795308543 0  111 22
9000007:new = BmL void 1 0 0 0.9 1.e-5 0. 0. 0. 
9000007:addChannel = 1 0.26588152258243086 0  11 -11
9000007:addChannel = 1 0.26557272588107456 0  13 -13
9000007:addChannel = 1 0.1329407612912983 0  12 -12
9000007:addChannel = 1 0.1329407612912983 0  14 -14
9000007:addChannel = 1 0.1329407612912983 0  16 -16
9000007:addChannel = 1 0.06754143118306863 0  211 -211 111
9000007:addChannel = 1 0.0021820364795308543 0  111 22
