9000006:new = BmL void 1 0 0 0.04 1.e-5 0. 0. 0. 
9000006:addChannel = 1 0.39999996163804935 0  11 -11
9000006:addChannel = 1 0.20000001278731686 0  12 -12
9000006:addChannel = 1 0.20000001278731686 0  14 -14
9000006:addChannel = 1 0.20000001278731686 0  16 -16
9000007:new = BmL void 1 0 0 0.04 1.e-5 0. 0. 0. 
9000007:addChannel = 1 0.39999996163804935 0  11 -11
9000007:addChannel = 1 0.20000001278731686 0  12 -12
9000007:addChannel = 1 0.20000001278731686 0  14 -14
9000007:addChannel = 1 0.20000001278731686 0  16 -16
