663:new = BmL void 1 0 0 1.62 10**-5 0. 0. 0. 
663:addChannel = 1 0.2157040065428713 0  11 -11
663:addChannel = 1 0.21568045215268628 0  13 -13
663:addChannel = 1 0.10785200327144204 0  12 -12
663:addChannel = 1 0.10785200327144204 0  14 -14
663:addChannel = 1 0.10785200327144204 0  16 -16
663:addChannel = 1 0.15505869136686817 0  211 -211 111
663:addChannel = 1 0.000101881316370335 0  111 22
663:addChannel = 1 0.03911360750642117 0  311 311
663:addChannel = 1 0.050785351300456624 0  311 311 111
