9000006:new = BmL void 1 0 0 0.22 1.e-5 0. 0. 0. 
9000006:addChannel = 1 0.344064567900733 0  11 -11
9000006:addChannel = 1 0.1398374140268769 0  13 -13
9000006:addChannel = 1 0.17203228398041046 0  12 -12
9000006:addChannel = 1 0.17203228398041046 0  14 -14
9000006:addChannel = 1 0.17203228398041046 0  16 -16
9000006:addChannel = 1 1.1661311588982512e-06 0  111 22
9000007:new = BmL void 1 0 0 0.22 1.e-5 0. 0. 0. 
9000007:addChannel = 1 0.344064567900733 0  11 -11
9000007:addChannel = 1 0.1398374140268769 0  13 -13
9000007:addChannel = 1 0.17203228398041046 0  12 -12
9000007:addChannel = 1 0.17203228398041046 0  14 -14
9000007:addChannel = 1 0.17203228398041046 0  16 -16
9000007:addChannel = 1 1.1661311588982512e-06 0  111 22
