9000006:new = BmL void 1 0 0 1.72 1.e-5 0. 0. 0. 
9000006:addChannel = 1 0.2222262756428965 0  11 -11
9000006:addChannel = 1 0.22220719145666765 0  13 -13
9000006:addChannel = 1 0.11111313782145343 0  12 -12
9000006:addChannel = 1 0.11111313782145343 0  14 -14
9000006:addChannel = 1 0.11111313782145343 0  16 -16
9000006:addChannel = 1 0.06994684850140638 0  211 -211 111
9000006:addChannel = 1 9.327281241284087e-05 0  111 22
9000006:addChannel = 1 0.006567342010937005 0 321 -321
9000006:addChannel = 1 0.006567342010937005 0 130 310
9000006:addChannel = 1 0.014142996665760979 0 321 -321 111
9000006:addChannel = 1 0.02000121769731664 0 130 321 -111
9000006:addChannel = 1 0.02000121769731664 0 130 -321 111
9000007:new = BmL void 1 0 0 1.72 1.e-5 0. 0. 0. 
9000007:addChannel = 1 0.2222262756428965 0  11 -11
9000007:addChannel = 1 0.22220719145666765 0  13 -13
9000007:addChannel = 1 0.11111313782145343 0  12 -12
9000007:addChannel = 1 0.11111313782145343 0  14 -14
9000007:addChannel = 1 0.11111313782145343 0  16 -16
9000007:addChannel = 1 0.06994684850140638 0  211 -211 111
9000007:addChannel = 1 9.327281241284087e-05 0  111 22
9000007:addChannel = 1 0.006567342010937005 0 321 -321
9000007:addChannel = 1 0.006567342010937005 0 130 310
9000007:addChannel = 1 0.014142996665760979 0 321 -321 111
9000007:addChannel = 1 0.02000121769731664 0 130 321 -111
9000007:addChannel = 1 0.02000121769731664 0 130 -321 111
