9000006:new = BmL void 1 0 0 2.12 1.e-5 0. 0. 0. 
9000006:addChannel = 1 0.22267651511501893 0  11 -11
9000006:addChannel = 1 0.2226682439113799 0  13 -13
9000006:addChannel = 1 0.11133825755751171 0  12 -12
9000006:addChannel = 1 0.11133825755751171 0  14 -14
9000006:addChannel = 1 0.11133825755751171 0  16 -16
9000006:addChannel = 1 0.07395509840365493 91  1 -1
9000006:addChannel = 1 0.07395509840365493 91  2 -2
9000006:addChannel = 1 0.07273027149375633 91  3 -3
9000007:new = BmL void 1 0 0 2.12 1.e-5 0. 0. 0. 
9000007:addChannel = 1 0.22267651511501893 0  11 -11
9000007:addChannel = 1 0.2226682439113799 0  13 -13
9000007:addChannel = 1 0.11133825755751171 0  12 -12
9000007:addChannel = 1 0.11133825755751171 0  14 -14
9000007:addChannel = 1 0.11133825755751171 0  16 -16
9000007:addChannel = 1 0.07395509840365493 91  1 -1
9000007:addChannel = 1 0.07395509840365493 91  2 -2
9000007:addChannel = 1 0.07273027149375633 91  3 -3
