9000006:new = BmL void 1 0 0 25.0 1.e-5 0. 0. 0. 
9000006:addChannel = 1 0.16224238293742085 0  11 -11
9000006:addChannel = 1 0.16224238262681598 0  13 -13
9000006:addChannel = 1 0.16221737499496672 0  15 -15
9000006:addChannel = 1 0.08112119146871043 0  12 -12
9000006:addChannel = 1 0.08112119146871043 0  14 -14
9000006:addChannel = 1 0.08112119146871043 0  16 -16
9000006:addChannel = 1 0.05408078445896365 91  1 -1
9000006:addChannel = 1 0.05408078445896365 91  2 -2
9000006:addChannel = 1 0.05408074236719675 91  3 -3
9000006:addChannel = 1 0.05407656863927033 91  4 -4
9000006:addChannel = 1 0.053616164301217045 91  5 -5
9000007:new = BmL void 1 0 0 25.0 1.e-5 0. 0. 0. 
9000007:addChannel = 1 0.16224238293742085 0  11 -11
9000007:addChannel = 1 0.16224238262681598 0  13 -13
9000007:addChannel = 1 0.16221737499496672 0  15 -15
9000007:addChannel = 1 0.08112119146871043 0  12 -12
9000007:addChannel = 1 0.08112119146871043 0  14 -14
9000007:addChannel = 1 0.08112119146871043 0  16 -16
9000007:addChannel = 1 0.05408078445896365 91  1 -1
9000007:addChannel = 1 0.05408078445896365 91  2 -2
9000007:addChannel = 1 0.05408074236719675 91  3 -3
9000007:addChannel = 1 0.05407656863927033 91  4 -4
9000007:addChannel = 1 0.053616164301217045 91  5 -5
