9000006:new = BmL void 1 0 0 2.1 1.e-5 0. 0. 0. 
9000006:addChannel = 1 0.22222438043169926 0  11 -11
9000006:addChannel = 1 0.2222158065000933 0  13 -13
9000006:addChannel = 1 0.11111219021585197 0  12 -12
9000006:addChannel = 1 0.11111219021585197 0  14 -14
9000006:addChannel = 1 0.11111219021585197 0  16 -16
9000006:addChannel = 1 0.07379431979445658 91  1 -1
9000006:addChannel = 1 0.07379431979445658 91  2 -2
9000006:addChannel = 1 0.07252224618315632 91  3 -3
9000007:new = BmL void 1 0 0 2.1 1.e-5 0. 0. 0. 
9000007:addChannel = 1 0.22222438043169926 0  11 -11
9000007:addChannel = 1 0.2222158065000933 0  13 -13
9000007:addChannel = 1 0.11111219021585197 0  12 -12
9000007:addChannel = 1 0.11111219021585197 0  14 -14
9000007:addChannel = 1 0.11111219021585197 0  16 -16
9000007:addChannel = 1 0.07379431979445658 91  1 -1
9000007:addChannel = 1 0.07379431979445658 91  2 -2
9000007:addChannel = 1 0.07252224618315632 91  3 -3
