9000006:new = BmL void 1 0 0 1.06 1.e-5 0. 0. 0. 
9000006:addChannel = 1 0.21434768677973215 0  11 -11
9000006:addChannel = 1 0.21421899964517008 0  13 -13
9000006:addChannel = 1 0.1071738433899008 0  12 -12
9000006:addChannel = 1 0.1071738433899008 0  14 -14
9000006:addChannel = 1 0.1071738433899008 0  16 -16
9000006:addChannel = 1 0.13383548041000642 0  211 -211 111
9000006:addChannel = 1 0.00043143902395038463 0  111 22
9000006:addChannel = 1 0.057822431985719284 0 321 -321
9000006:addChannel = 1 0.057822431985719284 0 130 310
9000007:new = BmL void 1 0 0 1.06 1.e-5 0. 0. 0. 
9000007:addChannel = 1 0.21434768677973215 0  11 -11
9000007:addChannel = 1 0.21421899964517008 0  13 -13
9000007:addChannel = 1 0.1071738433899008 0  12 -12
9000007:addChannel = 1 0.1071738433899008 0  14 -14
9000007:addChannel = 1 0.1071738433899008 0  16 -16
9000007:addChannel = 1 0.13383548041000642 0  211 -211 111
9000007:addChannel = 1 0.00043143902395038463 0  111 22
9000007:addChannel = 1 0.057822431985719284 0 321 -321
9000007:addChannel = 1 0.057822431985719284 0 130 310
