9000006:new = BmL void 1 0 0 1.1 1.e-5 0. 0. 0. 
9000006:addChannel = 1 0.226556863415298 0  11 -11
9000006:addChannel = 1 0.22643969176169906 0  13 -13
9000006:addChannel = 1 0.11327843170768066 0  12 -12
9000006:addChannel = 1 0.11327843170768066 0  14 -14
9000006:addChannel = 1 0.11327843170768066 0  16 -16
9000006:addChannel = 1 0.12474997989691308 0  211 -211 111
9000006:addChannel = 1 0.00037286728580900166 0  111 22
9000006:addChannel = 1 0.04102265125861948 0 321 -321
9000006:addChannel = 1 0.04102265125861948 0 130 310
9000007:new = BmL void 1 0 0 1.1 1.e-5 0. 0. 0. 
9000007:addChannel = 1 0.226556863415298 0  11 -11
9000007:addChannel = 1 0.22643969176169906 0  13 -13
9000007:addChannel = 1 0.11327843170768066 0  12 -12
9000007:addChannel = 1 0.11327843170768066 0  14 -14
9000007:addChannel = 1 0.11327843170768066 0  16 -16
9000007:addChannel = 1 0.12474997989691308 0  211 -211 111
9000007:addChannel = 1 0.00037286728580900166 0  111 22
9000007:addChannel = 1 0.04102265125861948 0 321 -321
9000007:addChannel = 1 0.04102265125861948 0 130 310
