9000006:new = BmL void 1 0 0 0.52 1.e-5 0. 0. 0. 
9000006:addChannel = 1 0.2865410924848013 0  11 -11
9000006:addChannel = 1 0.283432223449369 0  13 -13
9000006:addChannel = 1 0.1432705462432023 0  12 -12
9000006:addChannel = 1 0.1432705462432023 0  14 -14
9000006:addChannel = 1 0.1432705462432023 0  16 -16
9000006:addChannel = 1 8.292696929910364e-05 0  211 -211 111
9000006:addChannel = 1 0.0001321183669236314 0  111 22
9000007:new = BmL void 1 0 0 0.52 1.e-5 0. 0. 0. 
9000007:addChannel = 1 0.2865410924848013 0  11 -11
9000007:addChannel = 1 0.283432223449369 0  13 -13
9000007:addChannel = 1 0.1432705462432023 0  12 -12
9000007:addChannel = 1 0.1432705462432023 0  14 -14
9000007:addChannel = 1 0.1432705462432023 0  16 -16
9000007:addChannel = 1 8.292696929910364e-05 0  211 -211 111
9000007:addChannel = 1 0.0001321183669236314 0  111 22
