9000006:new = BmL void 1 0 0 5.0 1.e-5 0. 0. 0. 
9000006:addChannel = 1 0.1755679653715617 0  11 -11
9000006:addChannel = 1 0.17556775517882584 0  13 -13
9000006:addChannel = 1 0.15469987866734058 0  15 -15
9000006:addChannel = 1 0.0877839826857809 0  12 -12
9000006:addChannel = 1 0.0877839826857809 0  14 -14
9000006:addChannel = 1 0.0877839826857809 0  16 -16
9000006:addChannel = 1 0.05851595333150717 91  1 -1
9000006:addChannel = 1 0.05851595333150717 91  2 -2
9000006:addChannel = 1 0.05848706252609759 91  3 -3
9000006:addChannel = 1 0.05524538643691812 91  4 -4
9000007:new = BmL void 1 0 0 5.0 1.e-5 0. 0. 0. 
9000007:addChannel = 1 0.1755679653715617 0  11 -11
9000007:addChannel = 1 0.17556775517882584 0  13 -13
9000007:addChannel = 1 0.15469987866734058 0  15 -15
9000007:addChannel = 1 0.0877839826857809 0  12 -12
9000007:addChannel = 1 0.0877839826857809 0  14 -14
9000007:addChannel = 1 0.0877839826857809 0  16 -16
9000007:addChannel = 1 0.05851595333150717 91  1 -1
9000007:addChannel = 1 0.05851595333150717 91  2 -2
9000007:addChannel = 1 0.05848706252609759 91  3 -3
9000007:addChannel = 1 0.05524538643691812 91  4 -4
