9000006:new = BmL void 1 0 0 1.0 1.e-5 0. 0. 0. 
9000006:addChannel = 1 0.27196452649465913 0  11 -11
9000006:addChannel = 1 0.27175804181709695 0  13 -13
9000006:addChannel = 1 0.1359822632473852 0  12 -12
9000006:addChannel = 1 0.1359822632473852 0  14 -14
9000006:addChannel = 1 0.1359822632473852 0  16 -16
9000006:addChannel = 1 0.02275744764802938 0  211 -211 111
9000006:addChannel = 1 0.0007991296860711735 0  111 22
9000006:addChannel = 1 0.012387032305994057 0 321 -321
9000006:addChannel = 1 0.012387032305994057 0 130 310
9000007:new = BmL void 1 0 0 1.0 1.e-5 0. 0. 0. 
9000007:addChannel = 1 0.27196452649465913 0  11 -11
9000007:addChannel = 1 0.27175804181709695 0  13 -13
9000007:addChannel = 1 0.1359822632473852 0  12 -12
9000007:addChannel = 1 0.1359822632473852 0  14 -14
9000007:addChannel = 1 0.1359822632473852 0  16 -16
9000007:addChannel = 1 0.02275744764802938 0  211 -211 111
9000007:addChannel = 1 0.0007991296860711735 0  111 22
9000007:addChannel = 1 0.012387032305994057 0 321 -321
9000007:addChannel = 1 0.012387032305994057 0 130 310
