9000006:new = BmL void 1 0 0 0.78 1.e-5 0. 0. 0. 
9000006:addChannel = 1 0.025234254258808087 0  11 -11
9000006:addChannel = 1 0.025181972088268466 0  13 -13
9000006:addChannel = 1 0.012617127129417989 0  12 -12
9000006:addChannel = 1 0.012617127129417989 0  14 -14
9000006:addChannel = 1 0.012617127129417989 0  16 -16
9000006:addChannel = 1 0.823539683000208 0  211 -211 111
9000006:addChannel = 1 0.08819270926446139 0  111 22
9000007:new = BmL void 1 0 0 0.78 1.e-5 0. 0. 0. 
9000007:addChannel = 1 0.025234254258808087 0  11 -11
9000007:addChannel = 1 0.025181972088268466 0  13 -13
9000007:addChannel = 1 0.012617127129417989 0  12 -12
9000007:addChannel = 1 0.012617127129417989 0  14 -14
9000007:addChannel = 1 0.012617127129417989 0  16 -16
9000007:addChannel = 1 0.823539683000208 0  211 -211 111
9000007:addChannel = 1 0.08819270926446139 0  111 22
