9000006:new = BmL void 1 0 0 1.94 1.e-5 0. 0. 0. 
9000006:addChannel = 1 0.268482173802821 0  11 -11
9000006:addChannel = 1 0.268467943045664 0  13 -13
9000006:addChannel = 1 0.1342410869014144 0  12 -12
9000006:addChannel = 1 0.1342410869014144 0  14 -14
9000006:addChannel = 1 0.1342410869014144 0  16 -16
9000006:addChannel = 1 0.040255279600245227 0  211 -211 111
9000006:addChannel = 1 9.089947262007613e-05 0  111 22
9000006:addChannel = 1 0.003762911906933547 0 321 -321
9000006:addChannel = 1 0.003762911906933547 0 130 310
9000006:addChannel = 1 0.003253194890412108 0 321 -321 111
9000006:addChannel = 1 0.004600712335063658 0 130 321 -111
9000006:addChannel = 1 0.004600712335063658 0 130 -321 111
9000007:new = BmL void 1 0 0 1.94 1.e-5 0. 0. 0. 
9000007:addChannel = 1 0.268482173802821 0  11 -11
9000007:addChannel = 1 0.268467943045664 0  13 -13
9000007:addChannel = 1 0.1342410869014144 0  12 -12
9000007:addChannel = 1 0.1342410869014144 0  14 -14
9000007:addChannel = 1 0.1342410869014144 0  16 -16
9000007:addChannel = 1 0.040255279600245227 0  211 -211 111
9000007:addChannel = 1 9.089947262007613e-05 0  111 22
9000007:addChannel = 1 0.003762911906933547 0 321 -321
9000007:addChannel = 1 0.003762911906933547 0 130 310
9000007:addChannel = 1 0.003253194890412108 0 321 -321 111
9000007:addChannel = 1 0.004600712335063658 0 130 321 -111
9000007:addChannel = 1 0.004600712335063658 0 130 -321 111
