9000006:new = BmL void 1 0 0 1.28 1.e-5 0. 0. 0. 
9000006:addChannel = 1 0.23337309591652544 0  11 -11
9000006:addChannel = 1 0.23330748236790255 0  13 -13
9000006:addChannel = 1 0.11668654795828051 0  12 -12
9000006:addChannel = 1 0.11668654795828051 0  14 -14
9000006:addChannel = 1 0.11668654795828051 0  16 -16
9000006:addChannel = 1 0.12799703806261253 0  211 -211 111
9000006:addChannel = 1 0.00020535898948273706 0  111 22
9000006:addChannel = 1 0.02752869039431754 0 321 -321
9000006:addChannel = 1 0.02752869039431754 0 130 310
9000007:new = BmL void 1 0 0 1.28 1.e-5 0. 0. 0. 
9000007:addChannel = 1 0.23337309591652544 0  11 -11
9000007:addChannel = 1 0.23330748236790255 0  13 -13
9000007:addChannel = 1 0.11668654795828051 0  12 -12
9000007:addChannel = 1 0.11668654795828051 0  14 -14
9000007:addChannel = 1 0.11668654795828051 0  16 -16
9000007:addChannel = 1 0.12799703806261253 0  211 -211 111
9000007:addChannel = 1 0.00020535898948273706 0  111 22
9000007:addChannel = 1 0.02752869039431754 0 321 -321
9000007:addChannel = 1 0.02752869039431754 0 130 310
