9000006:new = BmL void 1 0 0 0.56 1.e-5 0. 0. 0. 
9000006:addChannel = 1 0.2862246063823948 0  11 -11
9000006:addChannel = 1 0.2839356974621722 0  13 -13
9000006:addChannel = 1 0.14311230319179274 0  12 -12
9000006:addChannel = 1 0.14311230319179274 0  14 -14
9000006:addChannel = 1 0.14311230319179274 0  16 -16
9000006:addChannel = 1 0.0002797947137134814 0  211 -211 111
9000006:addChannel = 1 0.00022299186634132376 0  111 22
9000007:new = BmL void 1 0 0 0.56 1.e-5 0. 0. 0. 
9000007:addChannel = 1 0.2862246063823948 0  11 -11
9000007:addChannel = 1 0.2839356974621722 0  13 -13
9000007:addChannel = 1 0.14311230319179274 0  12 -12
9000007:addChannel = 1 0.14311230319179274 0  14 -14
9000007:addChannel = 1 0.14311230319179274 0  16 -16
9000007:addChannel = 1 0.0002797947137134814 0  211 -211 111
9000007:addChannel = 1 0.00022299186634132376 0  111 22
