9000006:new = BmL void 1 0 0 1.82 1.e-5 0. 0. 0. 
9000006:addChannel = 1 0.2639345114279913 0  11 -11
9000006:addChannel = 1 0.263916441082834 0  13 -13
9000006:addChannel = 1 0.13196725571400053 0  12 -12
9000006:addChannel = 1 0.13196725571400053 0  14 -14
9000006:addChannel = 1 0.13196725571400053 0  16 -16
9000006:addChannel = 1 0.05058461424682917 0  211 -211 111
9000006:addChannel = 1 9.981686500793288e-05 0  111 22
9000006:addChannel = 1 0.0018613981418459775 0 321 -321
9000006:addChannel = 1 0.0018613981418459775 0 130 310
9000006:addChannel = 1 0.005704706460382772 0 321 -321 111
9000006:addChannel = 1 0.00806767324563073 0 130 321 -111
9000006:addChannel = 1 0.00806767324563073 0 130 -321 111
9000007:new = BmL void 1 0 0 1.82 1.e-5 0. 0. 0. 
9000007:addChannel = 1 0.2639345114279913 0  11 -11
9000007:addChannel = 1 0.263916441082834 0  13 -13
9000007:addChannel = 1 0.13196725571400053 0  12 -12
9000007:addChannel = 1 0.13196725571400053 0  14 -14
9000007:addChannel = 1 0.13196725571400053 0  16 -16
9000007:addChannel = 1 0.05058461424682917 0  211 -211 111
9000007:addChannel = 1 9.981686500793288e-05 0  111 22
9000007:addChannel = 1 0.0018613981418459775 0 321 -321
9000007:addChannel = 1 0.0018613981418459775 0 130 310
9000007:addChannel = 1 0.005704706460382772 0 321 -321 111
9000007:addChannel = 1 0.00806767324563073 0 130 321 -111
9000007:addChannel = 1 0.00806767324563073 0 130 -321 111
