9000006:new = BmL void 1 0 0 0.92 1.e-5 0. 0. 0. 
9000006:addChannel = 1 0.2672182752387361 0  11 -11
9000006:addChannel = 1 0.26693428017890913 0  13 -13
9000006:addChannel = 1 0.13360913761944435 0  12 -12
9000006:addChannel = 1 0.13360913761944435 0  14 -14
9000006:addChannel = 1 0.13360913761944435 0  16 -16
9000006:addChannel = 1 0.06334735220833648 0  211 -211 111
9000006:addChannel = 1 0.0016726795156853476 0  111 22
9000007:new = BmL void 1 0 0 0.92 1.e-5 0. 0. 0. 
9000007:addChannel = 1 0.2672182752387361 0  11 -11
9000007:addChannel = 1 0.26693428017890913 0  13 -13
9000007:addChannel = 1 0.13360913761944435 0  12 -12
9000007:addChannel = 1 0.13360913761944435 0  14 -14
9000007:addChannel = 1 0.13360913761944435 0  16 -16
9000007:addChannel = 1 0.06334735220833648 0  211 -211 111
9000007:addChannel = 1 0.0016726795156853476 0  111 22
