9000006:new = BmL void 1 0 0 0.48000000000000004 1.e-5 0. 0. 0. 
9000006:addChannel = 1 0.28692446387999015 0  11 -11
9000006:addChannel = 1 0.2825885623829453 0  13 -13
9000006:addChannel = 1 0.1434622319411007 0  12 -12
9000006:addChannel = 1 0.1434622319411007 0  14 -14
9000006:addChannel = 1 0.1434622319411007 0  16 -16
9000006:addChannel = 1 2.023057913070258e-05 0  211 -211 111
9000006:addChannel = 1 8.004733463171214e-05 0  111 22
9000007:new = BmL void 1 0 0 0.48000000000000004 1.e-5 0. 0. 0. 
9000007:addChannel = 1 0.28692446387999015 0  11 -11
9000007:addChannel = 1 0.2825885623829453 0  13 -13
9000007:addChannel = 1 0.1434622319411007 0  12 -12
9000007:addChannel = 1 0.1434622319411007 0  14 -14
9000007:addChannel = 1 0.1434622319411007 0  16 -16
9000007:addChannel = 1 2.023057913070258e-05 0  211 -211 111
9000007:addChannel = 1 8.004733463171214e-05 0  111 22
