9000006:new = BmL void 1 0 0 0.18 1.e-5 0. 0. 0. 
9000006:addChannel = 1 0.39999991771128485 0  11 -11
9000006:addChannel = 1 0.1999999589335858 0  12 -12
9000006:addChannel = 1 0.1999999589335858 0  14 -14
9000006:addChannel = 1 0.1999999589335858 0  16 -16
9000006:addChannel = 1 2.0548795780672336e-07 0  111 22
9000007:new = BmL void 1 0 0 0.18 1.e-5 0. 0. 0. 
9000007:addChannel = 1 0.39999991771128485 0  11 -11
9000007:addChannel = 1 0.1999999589335858 0  12 -12
9000007:addChannel = 1 0.1999999589335858 0  14 -14
9000007:addChannel = 1 0.1999999589335858 0  16 -16
9000007:addChannel = 1 2.0548795780672336e-07 0  111 22
