9000006:new = BmL void 1 0 0 0.38 1.e-5 0. 0. 0. 
9000006:addChannel = 1 0.28904227376047575 0  11 -11
9000006:addChannel = 1 0.2773718489124488 0  13 -13
9000006:addChannel = 1 0.1445211368830734 0  12 -12
9000006:addChannel = 1 0.1445211368830734 0  14 -14
9000006:addChannel = 1 0.1445211368830734 0  16 -16
9000006:addChannel = 1 2.2466677855295056e-05 0  111 22
9000007:new = BmL void 1 0 0 0.38 1.e-5 0. 0. 0. 
9000007:addChannel = 1 0.28904227376047575 0  11 -11
9000007:addChannel = 1 0.2773718489124488 0  13 -13
9000007:addChannel = 1 0.1445211368830734 0  12 -12
9000007:addChannel = 1 0.1445211368830734 0  14 -14
9000007:addChannel = 1 0.1445211368830734 0  16 -16
9000007:addChannel = 1 2.2466677855295056e-05 0  111 22
