9000006:new = BmL void 1 0 0 0.4 1.e-5 0. 0. 0. 
9000006:addChannel = 1 0.28838009466540027 0  11 -11
9000006:addChannel = 1 0.27902047890773307 0  13 -13
9000006:addChannel = 1 0.1441900473350044 0  12 -12
9000006:addChannel = 1 0.1441900473350044 0  14 -14
9000006:addChannel = 1 0.1441900473350044 0  16 -16
9000006:addChannel = 1 2.9284421853550054e-05 0  111 22
9000007:new = BmL void 1 0 0 0.4 1.e-5 0. 0. 0. 
9000007:addChannel = 1 0.28838009466540027 0  11 -11
9000007:addChannel = 1 0.27902047890773307 0  13 -13
9000007:addChannel = 1 0.1441900473350044 0  12 -12
9000007:addChannel = 1 0.1441900473350044 0  14 -14
9000007:addChannel = 1 0.1441900473350044 0  16 -16
9000007:addChannel = 1 2.9284421853550054e-05 0  111 22
