9000006:new = BmL void 1 0 0 3.5 1.e-5 0. 0. 0. 
9000006:addChannel = 1 0.21125650253843078 0  11 -11
9000006:addChannel = 1 0.21125544849119812 0  13 -13
9000006:addChannel = 1 0.10562825126921568 0  12 -12
9000006:addChannel = 1 0.10562825126921568 0  14 -14
9000006:addChannel = 1 0.10562825126921568 0  16 -16
9000006:addChannel = 1 0.07038503973310867 91  1 -1
9000006:addChannel = 1 0.07038503973310867 91  2 -2
9000006:addChannel = 1 0.07023783941284041 91  3 -3
9000006:addChannel = 1 0.049595376283666344 91  4 -4
9000007:new = BmL void 1 0 0 3.5 1.e-5 0. 0. 0. 
9000007:addChannel = 1 0.21125650253843078 0  11 -11
9000007:addChannel = 1 0.21125544849119812 0  13 -13
9000007:addChannel = 1 0.10562825126921568 0  12 -12
9000007:addChannel = 1 0.10562825126921568 0  14 -14
9000007:addChannel = 1 0.10562825126921568 0  16 -16
9000007:addChannel = 1 0.07038503973310867 91  1 -1
9000007:addChannel = 1 0.07038503973310867 91  2 -2
9000007:addChannel = 1 0.07023783941284041 91  3 -3
9000007:addChannel = 1 0.049595376283666344 91  4 -4
