9000006:new = BmL void 1 0 0 1.1400000000000001 1.e-5 0. 0. 0. 
9000006:addChannel = 1 0.23282135532238676 0  11 -11
9000006:addChannel = 1 0.23271706586200117 0  13 -13
9000006:addChannel = 1 0.11641067766122157 0  12 -12
9000006:addChannel = 1 0.11641067766122157 0  14 -14
9000006:addChannel = 1 0.11641067766122157 0  16 -16
9000006:addChannel = 1 0.1238031049247421 0  211 -211 111
9000006:addChannel = 1 0.00032247620283000917 0  111 22
9000006:addChannel = 1 0.030551982352187566 0 321 -321
9000006:addChannel = 1 0.030551982352187566 0 130 310
9000007:new = BmL void 1 0 0 1.1400000000000001 1.e-5 0. 0. 0. 
9000007:addChannel = 1 0.23282135532238676 0  11 -11
9000007:addChannel = 1 0.23271706586200117 0  13 -13
9000007:addChannel = 1 0.11641067766122157 0  12 -12
9000007:addChannel = 1 0.11641067766122157 0  14 -14
9000007:addChannel = 1 0.11641067766122157 0  16 -16
9000007:addChannel = 1 0.1238031049247421 0  211 -211 111
9000007:addChannel = 1 0.00032247620283000917 0  111 22
9000007:addChannel = 1 0.030551982352187566 0 321 -321
9000007:addChannel = 1 0.030551982352187566 0 130 310
