9000006:new = BmL void 1 0 0 1.8 1.e-5 0. 0. 0. 
9000006:addChannel = 1 0.2619950121231358 0  11 -11
9000006:addChannel = 1 0.2619762620524781 0  13 -13
9000006:addChannel = 1 0.130997506061573 0  12 -12
9000006:addChannel = 1 0.130997506061573 0  14 -14
9000006:addChannel = 1 0.130997506061573 0  16 -16
9000006:addChannel = 1 0.051769255493789273 0  211 -211 111
9000006:addChannel = 1 0.00010107348375691578 0  111 22
9000006:addChannel = 1 0.001702443588776203 0 321 -321
9000006:addChannel = 1 0.001702443588776203 0 130 310
9000006:addChannel = 1 0.0072512785486047344 0 321 -321 111
9000006:addChannel = 1 0.010254856467981908 0 130 321 -111
9000006:addChannel = 1 0.010254856467981908 0 130 -321 111
9000007:new = BmL void 1 0 0 1.8 1.e-5 0. 0. 0. 
9000007:addChannel = 1 0.2619950121231358 0  11 -11
9000007:addChannel = 1 0.2619762620524781 0  13 -13
9000007:addChannel = 1 0.130997506061573 0  12 -12
9000007:addChannel = 1 0.130997506061573 0  14 -14
9000007:addChannel = 1 0.130997506061573 0  16 -16
9000007:addChannel = 1 0.051769255493789273 0  211 -211 111
9000007:addChannel = 1 0.00010107348375691578 0  111 22
9000007:addChannel = 1 0.001702443588776203 0 321 -321
9000007:addChannel = 1 0.001702443588776203 0 130 310
9000007:addChannel = 1 0.0072512785486047344 0 321 -321 111
9000007:addChannel = 1 0.010254856467981908 0 130 321 -111
9000007:addChannel = 1 0.010254856467981908 0 130 -321 111
