9000006:new = BmL void 1 0 0 3.25 1.e-5 0. 0. 0. 
9000006:addChannel = 1 0.21361909754622205 0  11 -11
9000006:addChannel = 1 0.21361766366435989 0  13 -13
9000006:addChannel = 1 0.1068095487731114 0  12 -12
9000006:addChannel = 1 0.1068095487731114 0  14 -14
9000006:addChannel = 1 0.1068095487731114 0  16 -16
9000006:addChannel = 1 0.07116031238228092 91  1 -1
9000006:addChannel = 1 0.07116031238228092 91  2 -2
9000006:addChannel = 1 0.07095904242207521 91  3 -3
9000006:addChannel = 1 0.03905492528344689 91  4 -4
9000007:new = BmL void 1 0 0 3.25 1.e-5 0. 0. 0. 
9000007:addChannel = 1 0.21361909754622205 0  11 -11
9000007:addChannel = 1 0.21361766366435989 0  13 -13
9000007:addChannel = 1 0.1068095487731114 0  12 -12
9000007:addChannel = 1 0.1068095487731114 0  14 -14
9000007:addChannel = 1 0.1068095487731114 0  16 -16
9000007:addChannel = 1 0.07116031238228092 91  1 -1
9000007:addChannel = 1 0.07116031238228092 91  2 -2
9000007:addChannel = 1 0.07095904242207521 91  3 -3
9000007:addChannel = 1 0.03905492528344689 91  4 -4
