9000006:new = BmL void 1 0 0 1.32 1.e-5 0. 0. 0. 
9000006:addChannel = 1 0.23475835291826075 0  11 -11
9000006:addChannel = 1 0.2347000262200043 0  13 -13
9000006:addChannel = 1 0.11737917645914617 0  12 -12
9000006:addChannel = 1 0.11737917645914617 0  14 -14
9000006:addChannel = 1 0.11737917645914617 0  16 -16
9000006:addChannel = 1 0.1262675291374162 0  211 -211 111
9000006:addChannel = 1 0.00018688642959119417 0  111 22
9000006:addChannel = 1 0.025974837958644453 91 321 -321
9000006:addChannel = 1 0.025974837958644453 91 130 310
9000007:new = BmL void 1 0 0 1.32 1.e-5 0. 0. 0. 
9000007:addChannel = 1 0.23475835291826075 0  11 -11
9000007:addChannel = 1 0.2347000262200043 0  13 -13
9000007:addChannel = 1 0.11737917645914617 0  12 -12
9000007:addChannel = 1 0.11737917645914617 0  14 -14
9000007:addChannel = 1 0.11737917645914617 0  16 -16
9000007:addChannel = 1 0.1262675291374162 0  211 -211 111
9000007:addChannel = 1 0.00018688642959119417 0  111 22
9000007:addChannel = 1 0.025974837958644453 91 321 -321
9000007:addChannel = 1 0.025974837958644453 91 130 310
