9000006:new = BmL void 1 0 0 10.0 1.e-5 0. 0. 0. 
9000006:addChannel = 1 0.16771878956166175 0  11 -11
9000006:addChannel = 1 0.16771877701754598 0  13 -13
9000006:addChannel = 1 0.1666702774167907 0  15 -15
9000006:addChannel = 1 0.08385939478083088 0  12 -12
9000006:addChannel = 1 0.08385939478083088 0  14 -14
9000006:addChannel = 1 0.08385939478083088 0  16 -16
9000006:addChannel = 1 0.05590586480572272 91  1 -1
9000006:addChannel = 1 0.05590586480572272 91  2 -2
9000006:addChannel = 1 0.05590415967449508 91  3 -3
9000006:addChannel = 1 0.055731078981678804 91  4 -4
9000006:addChannel = 1 0.022867003393889713 91  5 -5
9000007:new = BmL void 1 0 0 10.0 1.e-5 0. 0. 0. 
9000007:addChannel = 1 0.16771878956166175 0  11 -11
9000007:addChannel = 1 0.16771877701754598 0  13 -13
9000007:addChannel = 1 0.1666702774167907 0  15 -15
9000007:addChannel = 1 0.08385939478083088 0  12 -12
9000007:addChannel = 1 0.08385939478083088 0  14 -14
9000007:addChannel = 1 0.08385939478083088 0  16 -16
9000007:addChannel = 1 0.05590586480572272 91  1 -1
9000007:addChannel = 1 0.05590586480572272 91  2 -2
9000007:addChannel = 1 0.05590415967449508 91  3 -3
9000007:addChannel = 1 0.055731078981678804 91  4 -4
9000007:addChannel = 1 0.022867003393889713 91  5 -5
