9000006:new = BmL void 1 0 0 0.98 1.e-5 0. 0. 0. 
9000006:addChannel = 1 0.27123243726541774 0  11 -11
9000006:addChannel = 1 0.27100903403202825 0  13 -13
9000006:addChannel = 1 0.13561621863276901 0  12 -12
9000006:addChannel = 1 0.13561621863276901 0  14 -14
9000006:addChannel = 1 0.13561621863276901 0  16 -16
9000006:addChannel = 1 0.04997972998248345 0  211 -211 111
9000006:addChannel = 1 0.0009301428217634549 0  111 22
9000007:new = BmL void 1 0 0 0.98 1.e-5 0. 0. 0. 
9000007:addChannel = 1 0.27123243726541774 0  11 -11
9000007:addChannel = 1 0.27100903403202825 0  13 -13
9000007:addChannel = 1 0.13561621863276901 0  12 -12
9000007:addChannel = 1 0.13561621863276901 0  14 -14
9000007:addChannel = 1 0.13561621863276901 0  16 -16
9000007:addChannel = 1 0.04997972998248345 0  211 -211 111
9000007:addChannel = 1 0.0009301428217634549 0  111 22
