9000006:new = BmL void 1 0 0 1.8800000000000001 1.e-5 0. 0. 0. 
9000006:addChannel = 1 0.26574838117532407 0  11 -11
9000006:addChannel = 1 0.26573240506016216 0  13 -13
9000006:addChannel = 1 0.13287419058766636 0  12 -12
9000006:addChannel = 1 0.13287419058766636 0  14 -14
9000006:addChannel = 1 0.13287419058766636 0  16 -16
9000006:addChannel = 1 0.05034574513415701 0  211 -211 111
9000006:addChannel = 1 9.492638474935354e-05 0  111 22
9000006:addChannel = 1 0.003165063219798217 0 321 -321
9000006:addChannel = 1 0.003165063219798217 0 130 310
9000006:addChannel = 1 0.0034285213262044887 0 321 -321 111
9000006:addChannel = 1 0.004848661358403779 0 130 321 -111
9000006:addChannel = 1 0.004848661358403779 0 130 -321 111
9000007:new = BmL void 1 0 0 1.8800000000000001 1.e-5 0. 0. 0. 
9000007:addChannel = 1 0.26574838117532407 0  11 -11
9000007:addChannel = 1 0.26573240506016216 0  13 -13
9000007:addChannel = 1 0.13287419058766636 0  12 -12
9000007:addChannel = 1 0.13287419058766636 0  14 -14
9000007:addChannel = 1 0.13287419058766636 0  16 -16
9000007:addChannel = 1 0.05034574513415701 0  211 -211 111
9000007:addChannel = 1 9.492638474935354e-05 0  111 22
9000007:addChannel = 1 0.003165063219798217 0 321 -321
9000007:addChannel = 1 0.003165063219798217 0 130 310
9000007:addChannel = 1 0.0034285213262044887 0 321 -321 111
9000007:addChannel = 1 0.004848661358403779 0 130 321 -111
9000007:addChannel = 1 0.004848661358403779 0 130 -321 111
