9000006:new = BmL void 1 0 0 2.25 1.e-5 0. 0. 0. 
9000006:addChannel = 1 0.2225771395345245 0  11 -11
9000006:addChannel = 1 0.22257062586670817 0  13 -13
9000006:addChannel = 1 0.111288569767264 0  12 -12
9000006:addChannel = 1 0.111288569767264 0  14 -14
9000006:addChannel = 1 0.111288569767264 0  16 -16
9000006:addChannel = 1 0.07398018312522132 91  1 -1
9000006:addChannel = 1 0.07398018312522132 91  2 -2
9000006:addChannel = 1 0.07302615904653291 91  3 -3
9000007:new = BmL void 1 0 0 2.25 1.e-5 0. 0. 0. 
9000007:addChannel = 1 0.2225771395345245 0  11 -11
9000007:addChannel = 1 0.22257062586670817 0  13 -13
9000007:addChannel = 1 0.111288569767264 0  12 -12
9000007:addChannel = 1 0.111288569767264 0  14 -14
9000007:addChannel = 1 0.111288569767264 0  16 -16
9000007:addChannel = 1 0.07398018312522132 91  1 -1
9000007:addChannel = 1 0.07398018312522132 91  2 -2
9000007:addChannel = 1 0.07302615904653291 91  3 -3
