9000006:new = BmL void 1 0 0 0.66 1.e-5 0. 0. 0. 
9000006:addChannel = 1 0.28459135363190435 0  11 -11
9000006:addChannel = 1 0.2834290483065506 0  13 -13
9000006:addChannel = 1 0.142295676816259 0  12 -12
9000006:addChannel = 1 0.142295676816259 0  14 -14
9000006:addChannel = 1 0.142295676816259 0  16 -16
9000006:addChannel = 1 0.0039963444858838555 0  211 -211 111
9000006:addChannel = 1 0.0010962231268841687 0  111 22
9000007:new = BmL void 1 0 0 0.66 1.e-5 0. 0. 0. 
9000007:addChannel = 1 0.28459135363190435 0  11 -11
9000007:addChannel = 1 0.2834290483065506 0  13 -13
9000007:addChannel = 1 0.142295676816259 0  12 -12
9000007:addChannel = 1 0.142295676816259 0  14 -14
9000007:addChannel = 1 0.142295676816259 0  16 -16
9000007:addChannel = 1 0.0039963444858838555 0  211 -211 111
9000007:addChannel = 1 0.0010962231268841687 0  111 22
