9000005:new = ALPFF void 1 0 0 5.4 1.e-8 5.4 5.4 0.
9000005:addChannel = 1 0.00013910558741140865 0 22 22
9000005:addChannel = 1 4.877856470771775e-8 0 11 -11
9000005:addChannel = 1 3.2387183315611904e-6 0 11 -11 22
9000005:addChannel = 1 0.0020838385956390344 0 13 -13
9000005:addChannel = 1 1.8213391644637312e-7 0 211 -211 22
9000005:addChannel = 1 0.003153344695366104 91 3 -3
9000005:addChannel = 1 0.23378647191843874 91 21 21
9000005:addChannel = 1 0.31672277050713565 91 4 -4
9000005:addChannel = 1 0.4441109990651963 0 15 -15
