9000005:new = ALPFF void 1 0 0 1.47 1.e-8 1.47 1.47 0.
9000005:addChannel = 1 0.00007441349621212333 0 22 22
9000005:addChannel = 1 4.963960272925017e-7 0 11 -11
9000005:addChannel = 1 1.4325823411545457e-6 0 11 -11 22
9000005:addChannel = 1 0.021002060460713373 0 13 -13
9000005:addChannel = 1 0.00444405959013581 0 211 -211 22
9000005:addChannel = 1 0.5444883908806195 0 211 -211 221
9000005:addChannel = 1 0.27258094401671285 0 111 111 221
9000005:addChannel = 1 0.00452664076382037 0 211 -211 331
9000005:addChannel = 1 0.0029203518971586922 0 111 111 331
9000005:addChannel = 1 0.029172141620774153 0 113 113
9000005:addChannel = 1 0.029172141620774153 0 213 -213
9000005:addChannel = 1 0.09161692667471062 0 321 -321 111
