9000005:new = ALPFF void 1 0 0 2.17 1.e-8 2.17 2.17 0.
9000005:addChannel = 1 0.00014042211597277155 0 22 22
9000005:addChannel = 1 8.652713463722788e-7 0 11 -11
9000005:addChannel = 1 2.8727798206820507e-6 0 11 -11 22
9000005:addChannel = 1 0.03681723462396715 0 13 -13
9000005:addChannel = 1 0.0005979742576143742 0 211 -211 22
9000005:addChannel = 1 0.07796085079700019 0 211 -211 221
9000005:addChannel = 1 0.03910131029009664 0 111 111 221
9000005:addChannel = 1 0.0023496242944464106 0 211 -211 331
9000005:addChannel = 1 0.0013073693561626656 0 111 111 331
9000005:addChannel = 1 0.07158193085925112 0 113 113
9000005:addChannel = 1 0.07158193085925112 0 213 -213
9000005:addChannel = 1 0.09378834768946513 0 321 -321 111
9000005:addChannel = 1 0.04205210132102462 0 313 -313
9000005:addChannel = 1 0.041973869401039164 0 323 -323
9000005:addChannel = 1 0.034696521806619925 0 223 223
9000005:addChannel = 1 0.004882111036469696 0 333 333
9000005:addChannel = 1 0.027778527795631947 0 3 -3
9000005:addChannel = 1 0.4533861354448202 0 21 21
