9000005:new = ALPFF void 1 0 0 1.67 1.e-8 1.67 1.67 0.
9000005:addChannel = 1 0.000051299078997398586 0 22 22
9000005:addChannel = 1 4.6252918414059837e-7 0 11 -11
9000005:addChannel = 1 1.0078637442214361e-6 0 11 -11 22
9000005:addChannel = 1 0.019615620491863415 0 13 -13
9000005:addChannel = 1 0.0030444095415879595 0 211 -211 22
9000005:addChannel = 1 0.41498648571684543 0 211 -211 221
9000005:addChannel = 1 0.20802360139642512 0 111 111 221
9000005:addChannel = 1 0.007732567520058079 0 211 -211 331
9000005:addChannel = 1 0.004822142032039956 0 111 111 331
9000005:addChannel = 1 0.1138100271262312 0 113 113
9000005:addChannel = 1 0.1138100271262312 0 213 -213
9000005:addChannel = 1 0.06465698262275782 0 321 -321 111
9000005:addChannel = 1 0.00025220166392031924 0 313 -313
9000005:addChannel = 1 0.0002515136459232226 0 323 -323
9000005:addChannel = 1 0.048941651644190495 0 223 223
