9000005:new = ALPFF void 1 0 0 1.57 1.e-8 1.57 1.57 0.
9000005:addChannel = 1 0.00006175712654532057 0 22 22
9000005:addChannel = 1 4.5307148955044983e-7 0 11 -11
9000005:addChannel = 1 1.2015176235915955e-6 0 11 -11 22
9000005:addChannel = 1 0.019193965111340427 0 13 -13
9000005:addChannel = 1 0.0037419178485195636 0 211 -211 22
9000005:addChannel = 1 0.49984135698306986 0 211 -211 221
9000005:addChannel = 1 0.25045060637897176 0 111 111 221
9000005:addChannel = 1 0.007365103184816204 0 211 -211 331
9000005:addChannel = 1 0.004629603927552852 0 111 111 331
9000005:addChannel = 1 0.06641988083393419 0 113 113
9000005:addChannel = 1 0.06641988083393419 0 213 -213
9000005:addChannel = 1 0.08063679077243636 0 321 -321 111
9000005:addChannel = 1 4.434083255380402e-6 0 313 -313
9000005:addChannel = 1 4.421102561714627e-6 0 323 -323
9000005:addChannel = 1 0.001228627223949028 0 223 223
