9000005:new = ALPFF void 1 0 0 8.8 1.e-8 8.8 8.8 0.
9000005:addChannel = 1 0.0001814597713547298 0 22 22
9000005:addChannel = 1 2.2114868796498595e-8 0 11 -11
9000005:addChannel = 1 4.499352592235409e-6 0 11 -11 22
9000005:addChannel = 1 0.0009452070649573575 0 13 -13
9000005:addChannel = 1 5.016058602475773e-9 0 211 -211 22
9000005:addChannel = 1 0.001430676546240404 0 3 -3
9000005:addChannel = 1 0.14798608317180145 0 21 21
9000005:addChannel = 1 0.1594974024990049 0 4 -4
9000005:addChannel = 1 0.24465275969575456 0 15 -15
9000005:addChannel = 1 0.44530188476736693 0 5 -5
