9000005:new = ALPFF void 1 0 0 1.87 1.e-8 1.87 1.87 0.
9000005:addChannel = 1 0.00011269783336979244 0 22 22
9000005:addChannel = 1 8.443300018510314e-7 0 11 -11
9000005:addChannel = 1 2.253645458426091e-6 0 11 -11 22
9000005:addChannel = 1 0.03586652816836848 0 13 -13
9000005:addChannel = 1 0.002162403697255136 0 211 -211 22
9000005:addChannel = 1 0.28737839060053105 0 211 -211 221
9000005:addChannel = 1 0.14412350925513004 0 111 111 221
9000005:addChannel = 1 0.006255235552272766 0 211 -211 331
9000005:addChannel = 1 0.0038824296002023364 0 111 111 331
9000005:addChannel = 1 0.1629747309918768 0 113 113
9000005:addChannel = 1 0.1629747309918768 0 213 -213
9000005:addChannel = 1 0.042462750468539444 0 321 -321 111
9000005:addChannel = 1 0.028810177959196246 0 313 -313
9000005:addChannel = 1 0.028742684803221494 0 323 -323
9000005:addChannel = 1 0.09425063210269921 0 223 223
