9000005:new = ALPFF void 1 0 0 7. 1.e-8 7. 7. 0.
9000005:addChannel = 1 0.0002223911268522933 0 22 22
9000005:addChannel = 1 4.210455948447657e-8 0 11 -11
9000005:addChannel = 1 5.3565988431895395e-6 0 11 -11 22
9000005:addChannel = 1 0.0017992809905296957 0 13 -13
9000005:addChannel = 1 3.4492845040792534e-8 0 211 -211 22
9000005:addChannel = 1 0.002723178032032143 91 3 -3
9000005:addChannel = 1 0.2631807544985551 91 21 21
9000005:addChannel = 1 0.2934088695605479 91 4 -4
9000005:addChannel = 1 0.4386600925952352 0 15 -15
