9000005:new = ALPFF void 1 0 0 1.52 1.e-8 1.52 1.52 0.
9000005:addChannel = 1 0.00006848770356453043 0 22 22
9000005:addChannel = 1 4.761408104532311e-7 0 11 -11
9000005:addChannel = 1 1.3255976724154937e-6 0 11 -11 22
9000005:addChannel = 1 0.020158828731780116 0 13 -13
9000005:addChannel = 1 0.004167116335541819 0 211 -211 22
9000005:addChannel = 1 0.5244562004695619 0 211 -211 221
9000005:addChannel = 1 0.2627019399285319 0 111 111 221
9000005:addChannel = 1 0.006137662947965463 0 211 -211 331
9000005:addChannel = 1 0.003900720628787745 0 111 111 331
9000005:addChannel = 1 0.045550929277361825 0 113 113
9000005:addChannel = 1 0.045550929277361825 0 213 -213
9000005:addChannel = 1 0.08730477128260403 0 321 -321 111
9000005:addChannel = 1 3.0630226124657016e-7 0 313 -313
9000005:addChannel = 1 3.053761947010026e-7 0 323 -323
