9000005:new = ALPFF void 1 0 0 2.02 1.e-8 2.02 2.02 0.
9000005:addChannel = 1 0.00013096968173904327 0 22 22
9000005:addChannel = 1 8.789312490292673e-7 0 11 -11
9000005:addChannel = 1 2.650337863257217e-6 0 11 -11 22
9000005:addChannel = 1 0.03737087815967021 0 13 -13
9000005:addChannel = 1 0.0009098104846828559 0 211 -211 22
9000005:addChannel = 1 0.11844047658427101 0 211 -211 221
9000005:addChannel = 1 0.059405275101584894 0 111 111 221
9000005:addChannel = 1 0.0036938980130827325 0 211 -211 331
9000005:addChannel = 1 0.0021227634183809355 0 111 111 331
9000005:addChannel = 1 0.0954959599331529 0 113 113
9000005:addChannel = 1 0.0954959599331529 0 213 -213
9000005:addChannel = 1 0.062465848604382715 0 321 -321 111
9000005:addChannel = 1 0.040550436453915505 0 313 -313
9000005:addChannel = 1 0.040465858924455256 0 323 -323
9000005:addChannel = 1 0.049568558216921216 0 223 223
9000005:addChannel = 1 0.0230855093304725 0 3 -3
9000005:addChannel = 1 0.3707942678910228 0 21 21
