9000005:new = ALPFF void 1 0 0 9.8 1.e-8 9.8 9.8 0.
9000005:addChannel = 1 0.00016890088296484188 0 22 22
9000005:addChannel = 1 1.5470957804552633e-8 0 11 -11
9000005:addChannel = 1 4.244267546088223e-6 0 11 -11 22
9000005:addChannel = 1 0.0006612779719466087 0 13 -13
9000005:addChannel = 1 1.7658454150556854e-9 0 211 -211 22
9000005:addChannel = 1 0.0010009469065501275 91 3 -3
9000005:addChannel = 1 0.17267124381359636 91 21 21
9000005:addChannel = 1 0.11280978665154208 91 4 -4
9000005:addChannel = 1 0.1743524993722427 0 15 -15
9000005:addChannel = 1 0.5383310828968078 91 5 -5
