9000005:new = ALPFF void 1 0 0 5.8 1.e-8 5.8 5.8 0.
9000005:addChannel = 1 0.000159208239234504 0 22 22
9000005:addChannel = 1 4.639136801707855e-8 0 11 -11
9000005:addChannel = 1 3.7420016726129317e-6 0 11 -11 22
9000005:addChannel = 1 0.0019820590416274922 0 13 -13
9000005:addChannel = 1 1.1577471359712814e-7 0 211 -211 22
9000005:addChannel = 1 0.002999486576369142 0 3 -3
9000005:addChannel = 1 0.2428557954340568 0 21 21
9000005:addChannel = 1 0.3086520873721112 0 4 -4
9000005:addChannel = 1 0.44334745916884655 0 15 -15
