9000005:new = ALPFF void 1 0 0 7.2 1.e-8 7.2 7.2 0.
9000005:addChannel = 1 0.00023350146503566056 0 22 22
9000005:addChannel = 1 4.169708241492982e-8 0 11 -11
9000005:addChannel = 1 5.644584599079515e-6 0 11 -11 22
9000005:addChannel = 1 0.001781912532641265 0 13 -13
9000005:addChannel = 1 2.93127473312665e-8 0 211 -211 22
9000005:addChannel = 1 0.0026969259209527426 0 3 -3
9000005:addChannel = 1 0.2646466970373114 0 21 21
9000005:addChannel = 1 0.29210726120448405 0 4 -4
9000005:addChannel = 1 0.4385279862451462 0 15 -15
