9000005:new = ALPFF void 1 0 0 1.07 1.e-8 1.07 1.07 0.
9000005:addChannel = 1 0.00216833663059527 0 22 22
9000005:addChannel = 1 6.632711803884328e-6 0 11 -11
9000005:addChannel = 1 0.00003961060985171933 0 11 -11 22
9000005:addChannel = 1 0.2779842154556445 0 13 -13
9000005:addChannel = 1 0.05975678076459864 0 211 -211 22
9000005:addChannel = 1 0.4415654327121283 0 211 -211 221
9000005:addChannel = 1 0.2171802979368768 0 111 111 221
9000005:addChannel = 1 0.0006493465892504766 0 113 113
9000005:addChannel = 1 0.0006493465892504766 0 213 -213
