9000005:new = ALPFF void 1 0 0 2.6 1.e-8 2.6 2.6 0.
9000005:addChannel = 1 0.00015706830590676976 0 22 22
9000005:addChannel = 1 9.276850344759553e-7 0 11 -11
9000005:addChannel = 1 3.301296980634489e-6 0 11 -11 22
9000005:addChannel = 1 0.039530221585670565 0 13 -13
9000005:addChannel = 1 0.00023044365988144735 0 211 -211 22
9000005:addChannel = 1 0.030502941798939868 0 211 -211 221
9000005:addChannel = 1 0.015289562722229925 0 111 111 221
9000005:addChannel = 1 0.0019472236071403312 0 211 -211 331
9000005:addChannel = 1 0.0011709845207141033 0 111 111 331
9000005:addChannel = 1 0.02729780795448565 0 113 113
9000005:addChannel = 1 0.02729780795448565 0 213 -213
9000005:addChannel = 1 0.08692016509393982 0 321 -321 111
9000005:addChannel = 1 0.02289322366573516 0 313 -313
9000005:addChannel = 1 0.022861935267436573 0 323 -323
9000005:addChannel = 1 0.011856519309538753 0 223 223
9000005:addChannel = 1 0.006296661022473429 0 333 333
9000005:addChannel = 1 0.04390367372652691 0 3 -3
9000005:addChannel = 1 0.6618395308228799 0 21 21
