9000005:new = ALPFF void 1 0 0 4.6 1.e-8 4.6 4.6 0.
9000005:addChannel = 1 0.0000997810163978514 0 22 22
9000005:addChannel = 1 5.6814484764479605e-8 0 11 -11
9000005:addChannel = 1 2.273582251452156e-6 0 11 -11 22
9000005:addChannel = 1 0.002426432336760439 0 13 -13
9000005:addChannel = 1 5.38981463540529e-7 0 211 -211 22
9000005:addChannel = 1 0.003671215892656863 91 3 -3
9000005:addChannel = 1 0.21584697516819182 91 21 21
9000005:addChannel = 1 0.3417523158241801 91 4 -4
9000005:addChannel = 1 0.43620041038361335 0 15 -15
