9000005:new = ALPFF void 1 0 0 1.72 1.e-8 1.72 1.72 0.
9000005:addChannel = 1 0.00005689077067886359 0 22 22
9000005:addChannel = 1 4.87623952771328e-7 0 11 -11
9000005:addChannel = 1 1.1229219657285926e-6 0 11 -11 22
9000005:addChannel = 1 0.020689513989475574 0 13 -13
9000005:addChannel = 1 0.002703507554437282 0 211 -211 22
9000005:addChannel = 1 0.3780360014499869 0 211 -211 221
9000005:addChannel = 1 0.1895322369651462 0 111 111 221
9000005:addChannel = 1 0.0075148473487486435 0 211 -211 331
9000005:addChannel = 1 0.004691350885416002 0 111 111 331
9000005:addChannel = 1 0.13529549740213476 0 113 113
9000005:addChannel = 1 0.13529549740213476 0 213 -213
9000005:addChannel = 1 0.056308663462583036 0 321 -321 111
9000005:addChannel = 1 0.0010410602046022341 0 313 -313
9000005:addChannel = 1 0.0010383238537077255 0 323 -323
9000005:addChannel = 1 0.06779499816502962 0 223 223
