9000005:new = ALPFF void 1 0 0 0.97 1.e-8 0.97 0.97 0.
9000005:addChannel = 1 0.0238408917558962 0 22 22
9000005:addChannel = 1 2.3299759624807483e-6 0 11 -11
9000005:addChannel = 1 0.000428272536566916 0 11 -11 22
9000005:addChannel = 1 0.09722125385098276 0 13 -13
9000005:addChannel = 1 0.4615237406642774 0 211 -211 22
9000005:addChannel = 1 0.2790916104730938 0 211 -211 221
9000005:addChannel = 1 0.13745846479256446 0 111 111 221
9000005:addChannel = 1 0.00021671797532798976 0 113 113
9000005:addChannel = 1 0.00021671797532798976 0 213 -213
