9000005:new = ALPFF void 1 0 0 6. 1.e-8 6. 6. 0.
9000005:addChannel = 1 0.0001694113329215758 0 22 22
9000005:addChannel = 1 4.542274650275001e-8 0 11 -11
9000005:addChannel = 1 3.999605569965285e-6 0 11 -11 22
9000005:addChannel = 1 0.0019407594888759415 0 13 -13
9000005:addChannel = 1 9.191962248992168e-8 0 211 -211 22
9000005:addChannel = 1 0.0029370533792288118 0 3 -3
9000005:addChannel = 1 0.24712759377771087 0 21 21
9000005:addChannel = 1 0.30525884716048673 0 4 -4
9000005:addChannel = 1 0.4425621979128372 0 15 -15
