9000005:new = ALPFF void 1 0 0 2.32 1.e-8 2.32 2.32 0.
9000005:addChannel = 1 0.0001485463878373097 0 22 22
9000005:addChannel = 1 8.645278318336033e-7 0 11 -11
9000005:addChannel = 1 3.0697462004024888e-6 0 11 -11 22
9000005:addChannel = 1 0.036807625155380046 0 13 -13
9000005:addChannel = 1 0.0004095582620071413 0 211 -211 22
9000005:addChannel = 1 0.05228241994410029 0 211 -211 221
9000005:addChannel = 1 0.026218575586816686 0 111 111 221
9000005:addChannel = 1 0.0015894996448329256 0 211 -211 331
9000005:addChannel = 1 0.0008771504249721336 0 111 111 331
9000005:addChannel = 1 0.04878670502046277 0 113 113
9000005:addChannel = 1 0.04878670502046277 0 213 -213
9000005:addChannel = 1 0.0892432994498644 0 321 -321 111
9000005:addChannel = 1 0.035605782087992456 0 313 -313
9000005:addChannel = 1 0.03554651160378661 0 323 -323
9000005:addChannel = 1 0.023337880557472015 0 223 223
9000005:addChannel = 1 0.0072749040823368 0 333 333
9000005:addChannel = 1 0.03424135175828226 91 3 -3
9000005:addChannel = 1 0.5588395507393612 91 21 21
