9000005:new = ALPFF void 1 0 0 2.07 1.e-8 2.07 2.07 0.
9000005:addChannel = 1 0.00013423852481280667 0 22 22
9000005:addChannel = 1 8.731151860975405e-7 0 11 -11
9000005:addChannel = 1 2.7266552481844808e-6 0 11 -11 22
9000005:addChannel = 1 0.03713338814704027 0 13 -13
9000005:addChannel = 1 0.0007873980839404588 0 211 -211 22
9000005:addChannel = 1 0.10285323809271861 0 211 -211 221
9000005:addChannel = 1 0.051587547999656556 0 111 111 221
9000005:addChannel = 1 0.003170313430854653 0 211 -211 331
9000005:addChannel = 1 0.0018058396046278264 0 111 111 331
9000005:addChannel = 1 0.08674912557555518 0 113 113
9000005:addChannel = 1 0.08674912557555518 0 213 -213
9000005:addChannel = 1 0.07652111260157014 0 321 -321 111
9000005:addChannel = 1 0.04215872482538011 0 313 -313
9000005:addChannel = 1 0.0420741062165002 0 323 -323
9000005:addChannel = 1 0.04402285313084394 0 223 223
9000005:addChannel = 1 0.0009136494470891722 0 333 333
9000005:addChannel = 1 0.024651662863233018 0 3 -3
9000005:addChannel = 1 0.39868407611018736 0 21 21
