9000005:new = ALPFF void 1 0 0 1.17 1.e-8 1.17 1.17 0.
9000005:addChannel = 1 0.0004222709506376633 0 22 22
9000005:addChannel = 1 2.205204070808953e-6 0 11 -11
9000005:addChannel = 1 7.830813265552022e-6 0 11 -11 22
9000005:addChannel = 1 0.09272890670876377 0 13 -13
9000005:addChannel = 1 0.015350009231761962 0 211 -211 22
9000005:addChannel = 1 0.5772830862369005 0 211 -211 221
9000005:addChannel = 1 0.2861228265555407 0 111 111 221
9000005:addChannel = 1 0.001456059287682032 0 113 113
9000005:addChannel = 1 0.001456059287682032 0 213 -213
9000005:addChannel = 1 0.025170745723695046 0 321 -321 111
