9000005:new = ALPFF void 1 0 0 9.2 1.e-8 9.2 9.2 0.
9000005:addChannel = 1 0.00016984264463937212 0 22 22
9000005:addChannel = 1 1.8301958770107543e-8 0 11 -11
9000005:addChannel = 1 4.234690839443211e-6 0 11 -11 22
9000005:addChannel = 1 0.0007822594563937647 0 13 -13
9000005:addChannel = 1 3.3163226164008797e-9 0 211 -211 22
9000005:addChannel = 1 0.0011840520841663676 0 3 -3
9000005:addChannel = 1 0.15680048814089736 0 21 21
9000005:addChannel = 1 0.13263879935407658 0 4 -4
9000005:addChannel = 1 0.20414268523228996 0 15 -15
9000005:addChannel = 1 0.5042776167784156 0 5 -5
