9000005:new = ALPFF void 1 0 0 4. 1.e-8 4. 4. 0.
9000005:addChannel = 1 0.0000701324121821433 0 22 22
9000005:addChannel = 1 7.133516545479088e-8 0 11 -11
9000005:addChannel = 1 1.5676522822416252e-6 0 11 -11 22
9000005:addChannel = 1 0.003045542321266168 0 13 -13
9000005:addChannel = 1 1.5094699925544037e-6 0 211 -211 22
9000005:addChannel = 1 0.004607103821088677 0 3 -3
9000005:addChannel = 1 0.21122653365643806 0 21 21
9000005:addChannel = 1 0.38519012748115417 0 4 -4
9000005:addChannel = 1 0.3958574118504306 0 15 -15
