9000005:new = ALPFF void 1 0 0 7.6 1.e-8 7.6 7.6 0.
9000005:addChannel = 1 0.00025651057140802804 0 22 22
9000005:addChannel = 1 4.11637878900807e-8 0 11 -11
9000005:addChannel = 1 6.243763159016798e-6 0 11 -11 22
9000005:addChannel = 1 0.001759200065569238 0 13 -13
9000005:addChannel = 1 2.2011323828774237e-8 0 211 -211 22
9000005:addChannel = 1 0.002662611176235012 91 3 -3
9000005:addChannel = 1 0.2642705160264367 91 21 21
9000005:addChannel = 1 0.2910367365577335 91 4 -4
9000005:addChannel = 1 0.4400081186643468 0 15 -15
