9000005:new = ALPFF void 1 0 0 2.22 1.e-8 2.22 2.22 0.
9000005:addChannel = 1 0.00014330434457184314 0 22 22
9000005:addChannel = 1 8.634066819590193e-7 0 11 -11
9000005:addChannel = 1 2.941857993901522e-6 0 11 -11 22
9000005:addChannel = 1 0.03674572474788387 0 13 -13
9000005:addChannel = 1 0.0005246729428201115 0 211 -211 22
9000005:addChannel = 1 0.06586526650338517 0 211 -211 221
9000005:addChannel = 1 0.033033436620740084 0 111 111 221
9000005:addChannel = 1 0.0019643587784463727 0 211 -211 331
9000005:addChannel = 1 0.0010773015838544068 0 111 111 331
9000005:addChannel = 1 0.06237447836794312 0 113 113
9000005:addChannel = 1 0.06237447836794312 0 213 -213
9000005:addChannel = 1 0.09217327809985205 0 321 -321 111
9000005:addChannel = 1 0.03901352567147539 0 313 -313
9000005:addChannel = 1 0.038943614417082426 0 323 -323
9000005:addChannel = 1 0.029845853444482772 0 223 223
9000005:addChannel = 1 0.00599359712180676 0 333 333
9000005:addChannel = 1 0.03053525121974029 91 3 -3
9000005:addChannel = 1 0.49938805250329643 91 21 21
