9000005:new = ALPFF void 1 0 0 1.82 1.e-8 1.82 1.82 0.
9000005:addChannel = 1 0.00008713117386898849 0 22 22
9000005:addChannel = 1 6.808384713602029e-7 0 11 -11
9000005:addChannel = 1 1.735067401987245e-6 0 11 -11 22
9000005:addChannel = 1 0.028911105855220835 0 13 -13
9000005:addChannel = 1 0.0023447250100864228 0 211 -211 22
9000005:addChannel = 1 0.319249298348183 0 211 -211 221
9000005:addChannel = 1 0.1600963703821739 0 111 111 221
9000005:addChannel = 1 0.00667137084654716 0 211 -211 331
9000005:addChannel = 1 0.004169891073903368 0 111 111 331
9000005:addChannel = 1 0.1585243854078777 0 113 113
9000005:addChannel = 1 0.1585243854078777 0 213 -213
9000005:addChannel = 1 0.04248194387162514 0 321 -321 111
9000005:addChannel = 1 0.013505830803042082 0 313 -313
9000005:addChannel = 1 0.013472942537454935 0 323 -323
9000005:addChannel = 1 0.09195820337626531 0 223 223
