9000005:new = ALPFF void 1 0 0 1.77 1.e-8 1.77 1.77 0.
9000005:addChannel = 1 0.00007053484005683942 0 22 22
9000005:addChannel = 1 5.764268136415266e-7 0 11 -11
9000005:addChannel = 1 1.3984929387823379e-6 0 11 -11 22
9000005:addChannel = 1 0.024467788122733716 0 13 -13
9000005:addChannel = 1 0.0025680785760857287 0 211 -211 22
9000005:addChannel = 1 0.3457798411619593 0 211 -211 221
9000005:addChannel = 1 0.17338315106238686 0 111 111 221
9000005:addChannel = 1 0.0070207784673647095 0 211 -211 331
9000005:addChannel = 1 0.004390402853611402 0 111 111 331
9000005:addChannel = 1 0.15205286698193154 0 113 113
9000005:addChannel = 1 0.15205286698193154 0 213 -213
9000005:addChannel = 1 0.04794654540434373 0 321 -321 111
9000005:addChannel = 1 0.0039286008105503065 0 313 -313
9000005:addChannel = 1 0.003918659367967005 0 323 -323
9000005:addChannel = 1 0.08241791044932478 0 223 223
