9000005:new = ALPFF void 1 0 0 1.12 1.e-8 1.12 1.12 0.
9000005:addChannel = 1 0.0009561266767581668 0 22 22
9000005:addChannel = 1 4.129431783954413e-6 0 11 -11
9000005:addChannel = 1 0.000017601547798165027 0 11 -11 22
9000005:addChannel = 1 0.1733753117220984 0 13 -13
9000005:addChannel = 1 0.03054326554678461 0 211 -211 22
9000005:addChannel = 1 0.531514471714173 0 211 -211 221
9000005:addChannel = 1 0.2616313391752368 0 111 111 221
9000005:addChannel = 1 0.000978877092683453 0 113 113
9000005:addChannel = 1 0.000978877092683453 0 213 -213
