9000005:new = ALPFF void 1 0 0 2.8 1.e-8 2.8 2.8 0.
9000005:addChannel = 1 0.00014160542115935644 0 22 22
9000005:addChannel = 1 1.2637085015241091e-6 0 11 -11
9000005:addChannel = 1 3.0088043019949547e-6 0 11 -11 22
9000005:addChannel = 1 0.05387340456668153 0 13 -13
9000005:addChannel = 1 0.00020599664418940813 0 211 -211 22
9000005:addChannel = 1 0.028556351651610228 0 211 -211 221
9000005:addChannel = 1 0.014308448424689786 0 111 111 221
9000005:addChannel = 1 0.003133364600656876 0 211 -211 331
9000005:addChannel = 1 0.001861096183680802 0 111 111 331
9000005:addChannel = 1 0.02352064530665456 0 113 113
9000005:addChannel = 1 0.02352064530665456 0 213 -213
9000005:addChannel = 1 0.11589957884395874 0 321 -321 111
9000005:addChannel = 1 0.019730519859892954 0 313 -313
9000005:addChannel = 1 0.01970689633950444 0 323 -323
9000005:addChannel = 1 0.009330769192567983 0 223 223
9000005:addChannel = 1 0.00591114454758192 0 333 333
9000005:addChannel = 1 0.058563682547628906 0 3 -3
9000005:addChannel = 1 0.6217315780500845 0 21 21
