9000005:new = ALPFF void 1 0 0 2.12 1.e-8 2.12 2.12 0.
9000005:addChannel = 1 0.00013739438397326317 0 22 22
9000005:addChannel = 1 8.685407264746795e-7 0 11 -11
9000005:addChannel = 1 2.8009159484449337e-6 0 11 -11 22
9000005:addChannel = 1 0.036947902664683785 0 13 -13
9000005:addChannel = 1 0.0006846188063679363 0 211 -211 22
9000005:addChannel = 1 0.08749838767628937 0 211 -211 221
9000005:addChannel = 1 0.04388574380697852 0 111 111 221
9000005:addChannel = 1 0.002680990872228412 0 211 -211 331
9000005:addChannel = 1 0.0015122103493317976 0 111 111 331
9000005:addChannel = 1 0.07860360192421098 0 113 113
9000005:addChannel = 1 0.07860360192421098 0 213 -213
9000005:addChannel = 1 0.08562966327084207 0 321 -321 111
9000005:addChannel = 1 0.0420503469794186 0 313 -313
9000005:addChannel = 1 0.041969103840029776 0 323 -323
9000005:addChannel = 1 0.03887069778707341 0 223 223
9000005:addChannel = 1 0.002976957495974537 0 333 333
9000005:addChannel = 1 0.026532204106608646 91 3 -3
9000005:addChannel = 1 0.4314129046551032 91 21 21
