9000005:new = ALPFF void 1 0 0 9.6 1.e-8 9.6 9.6 0.
9000005:addChannel = 1 0.0001681428944971829 0 22 22
9000005:addChannel = 1 1.6220361067676114e-8 0 11 -11
9000005:addChannel = 1 4.21447984550124e-6 0 11 -11 22
9000005:addChannel = 1 0.000693303063492441 0 13 -13
9000005:addChannel = 1 2.166953076146614e-9 0 211 -211 22
9000005:addChannel = 1 0.0010494165691917548 91 3 -3
9000005:addChannel = 1 0.1673342362939377 91 21 21
9000005:addChannel = 1 0.11804923920832058 91 4 -4
9000005:addChannel = 1 0.18221438868073098 0 15 -15
9000005:addChannel = 1 0.5304870404226697 91 5 -5
