9000005:new = ALPFF void 1 0 0 2.47 1.e-8 2.47 2.47 0.
9000005:addChannel = 1 0.00015462922853776333 0 22 22
9000005:addChannel = 1 8.828216352638123e-7 0 11 -11
9000005:addChannel = 1 3.225461037023081e-6 0 11 -11 22
9000005:addChannel = 1 0.03760500220272149 0 13 -13
9000005:addChannel = 1 0.00029334857684952705 0 211 -211 22
9000005:addChannel = 1 0.037694805033125396 0 211 -211 221
9000005:addChannel = 1 0.018898933005215245 0 111 111 221
9000005:addChannel = 1 0.0015629215009583621 0 211 -211 331
9000005:addChannel = 1 0.00091803275251182 0 111 111 331
9000005:addChannel = 1 0.03628805199002898 0 113 113
9000005:addChannel = 1 0.03628805199002898 0 213 -213
9000005:addChannel = 1 0.0823790844885764 0 321 -321 111
9000005:addChannel = 1 0.027450332211292228 0 313 -313
9000005:addChannel = 1 0.02740928970827271 0 323 -323
9000005:addChannel = 1 0.015800205481923388 0 223 223
9000005:addChannel = 1 0.006995642340275364 0 333 333
9000005:addChannel = 1 0.03957858429602656 0 3 -3
9000005:addChannel = 1 0.6306789769109836 0 21 21
