9000005:new = ALPFF void 1 0 0 9.4 1.e-8 9.4 9.4 0.
9000005:addChannel = 1 0.00016830722538756744 0 22 22
9000005:addChannel = 1 1.713797072206473e-8 0 11 -11
9000005:addChannel = 1 4.207621529632443e-6 0 11 -11 22
9000005:addChannel = 1 0.0007325166006208912 0 13 -13
9000005:addChannel = 1 2.683965065418304e-9 0 211 -211 22
9000005:addChannel = 1 0.001108766101140521 91 3 -3
9000005:addChannel = 1 0.16201123292632513 91 21 21
9000005:addChannel = 1 0.12447391693226817 91 4 -4
9000005:addChannel = 1 0.19186391770865013 0 15 -15
9000005:addChannel = 1 0.5196371150621423 91 5 -5
