9000005:new = ALPFF void 1 0 0 4.2 1.e-8 4.2 4.2 0.
9000005:addChannel = 1 0.00008018396721129856 0 22 22
9000005:addChannel = 1 6.476955656919003e-8 0 11 -11
9000005:addChannel = 1 1.8044517749982887e-6 0 11 -11 22
9000005:addChannel = 1 0.0027655937353056317 0 13 -13
9000005:addChannel = 1 1.0365430697415663e-6 0 211 -211 22
9000005:addChannel = 1 0.0041839051086675644 91 3 -3
9000005:addChannel = 1 0.2101322508332068 91 21 21
9000005:addChannel = 1 0.36545003372163043 91 4 -4
9000005:addChannel = 1 0.4173851268695771 0 15 -15
