9000005:new = ALPFF void 1 0 0 3.8 1.e-8 3.8 3.8 0.
9000005:addChannel = 1 0.000059741663047054025 0 22 22
9000005:addChannel = 1 8.227719205063618e-8 0 11 -11
9000005:addChannel = 1 1.3258974042562025e-6 0 11 -11 22
9000005:addChannel = 1 0.003512163809670998 0 13 -13
9000005:addChannel = 1 2.3404162829062605e-6 0 211 -211 22
9000005:addChannel = 1 0.00531254642336765 0 3 -3
9000005:addChannel = 1 0.2190349957222551 0 21 21
9000005:addChannel = 1 0.41989062115730813 0 4 -4
9000005:addChannel = 1 0.352186182633472 0 15 -15
