9000005:new = ALPFF void 1 0 0 1.32 1.e-8 1.32 1.32 0.
9000005:addChannel = 1 0.00012709306643863874 0 22 22
9000005:addChannel = 1 8.177417421811539e-7 0 11 -11
9000005:addChannel = 1 2.404374210668297e-6 0 11 -11 22
9000005:addChannel = 1 0.03451011978209494 0 13 -13
9000005:addChannel = 1 0.006242923850806827 0 211 -211 22
9000005:addChannel = 1 0.568005669495444 0 211 -211 221
9000005:addChannel = 1 0.28362829132081513 0 111 111 221
9000005:addChannel = 1 0.0008488748054037558 0 211 -211 331
9000005:addChannel = 1 0.0005799606599790846 0 111 111 331
9000005:addChannel = 1 0.006669418860484138 0 113 113
9000005:addChannel = 1 0.006669418860484138 0 213 -213
9000005:addChannel = 1 0.0927150071820965 0 321 -321 111
