9000005:new = ALPFF void 1 0 0 8.4 1.e-8 8.4 8.4 0.
9000005:addChannel = 1 0.0003126877167043891 0 22 22
9000005:addChannel = 1 4.44343340747117e-8 0 11 -11
9000005:addChannel = 1 7.708128241798814e-6 0 11 -11 22
9000005:addChannel = 1 0.0018991053253583252 0 13 -13
9000005:addChannel = 1 1.2446433016425347e-8 0 211 -211 22
9000005:addChannel = 1 0.00287446651257289 0 3 -3
9000005:addChannel = 1 0.1893527569362971 0 21 21
9000005:addChannel = 1 0.31867733877998 0 4 -4
9000005:addChannel = 1 0.48687587972007823 0 15 -15
