9000005:new = ALPFF void 1 0 0 6.4 1.e-8 6.4 6.4 0.
9000005:addChannel = 1 0.0001901706110251862 0 22 22
9000005:addChannel = 1 4.382374007402467e-8 0 11 -11
9000005:addChannel = 1 4.527729736542984e-6 0 11 -11 22
9000005:addChannel = 1 0.0018725801737184606 0 13 -13
9000005:addChannel = 1 6.223021726720627e-8 0 211 -211 22
9000005:addChannel = 1 0.002833984078197765 91 3 -3
9000005:addChannel = 1 0.2548382297311359 91 21 21
9000005:addChannel = 1 0.29952612309097826 91 4 -4
9000005:addChannel = 1 0.44073427853125063 0 15 -15
