9000005:new = ALPFF void 1 0 0 0.87 1.e-8 0.87 0.87 0.
9000005:addChannel = 1 0.0009045047235727466 0 22 22
9000005:addChannel = 1 0.000022565674305146166 0 11 -11
9000005:addChannel = 1 0.000015943450602699443 0 11 -11 22
9000005:addChannel = 1 0.9358623579214889 0 13 -13
9000005:addChannel = 1 0.01280333868943645 0 211 -211 22
9000005:addChannel = 1 0.04729646667279043 0 211 -211 111
9000005:addChannel = 1 0.00036501403814797717 0 111 111 111
9000005:addChannel = 1 0.0018192673709066182 0 211 -211 221
9000005:addChannel = 1 0.0009036565338210445 0 111 111 221
9000005:addChannel = 1 3.4424624640441294e-6 0 113 113
9000005:addChannel = 1 3.4424624640441294e-6 0 213 -213
