9000005:new = ALPFF void 1 0 0 7.4 1.e-8 7.4 7.4 0.
9000005:addChannel = 1 0.00024485463140100664 0 22 22
9000005:addChannel = 1 4.1378728522132836e-8 0 11 -11
9000005:addChannel = 1 5.93981529050808e-6 0 11 -11 22
9000005:addChannel = 1 0.001768348418016158 0 13 -13
9000005:addChannel = 1 2.546166916862447e-8 0 211 -211 22
9000005:addChannel = 1 0.002676428313428315 91 3 -3
9000005:addChannel = 1 0.26512865265257507 91 21 21
9000005:addChannel = 1 0.29127410316407704 91 4 -4
9000005:addChannel = 1 0.4389016061648142 0 15 -15
