9000005:new = ALPFF void 1 0 0 0.92 1.e-8 0.92 0.92 0.
9000005:addChannel = 1 0.007114698801304798 0 22 22
9000005:addChannel = 1 0.000013056054133238778 0 11 -11
9000005:addChannel = 1 0.00012664043939820624 0 11 -11 22
9000005:addChannel = 1 0.5432633621633077 0 13 -13
9000005:addChannel = 1 0.11419528423775585 0 211 -211 22
9000005:addChannel = 1 0.04101073628988027 0 211 -211 111
9000005:addChannel = 1 0.0021475886487549493 0 111 111 111
9000005:addChannel = 1 0.19539075171422068 0 211 -211 221
9000005:addChannel = 1 0.09644943067224486 0 111 111 221
9000005:addChannel = 1 0.00014422548949970064 0 113 113
9000005:addChannel = 1 0.00014422548949970064 0 213 -213
