9000005:new = ALPFF void 1 0 0 5. 1.e-8 5. 5. 0.
9000005:addChannel = 1 0.00011933752761525555 0 22 22
9000005:addChannel = 1 5.20373904751115e-8 0 11 -11
9000005:addChannel = 1 2.7500173190751803e-6 0 11 -11 22
9000005:addChannel = 1 0.002222773170157098 0 13 -13
9000005:addChannel = 1 3.054903767046932e-7 0 211 -211 22
9000005:addChannel = 1 0.0033633627912916207 0 3 -3
9000005:addChannel = 1 0.22448391782487254 0 21 21
9000005:addChannel = 1 0.32717144995106406 0 4 -4
9000005:addChannel = 1 0.4426360511899132 0 15 -15
