9000005:new = ALPFF void 1 0 0 1.92 1.e-8 1.92 1.92 0.
9000005:addChannel = 1 0.000124145993342693 0 22 22
9000005:addChannel = 1 8.941868443407346e-7 0 11 -11
9000005:addChannel = 1 2.4927251970776857e-6 0 11 -11 22
9000005:addChannel = 1 0.03799703680838188 0 13 -13
9000005:addChannel = 1 0.001653539637155437 0 211 -211 22
9000005:addChannel = 1 0.2199450220030787 0 211 -211 221
9000005:addChannel = 1 0.11031057595502596 0 111 111 221
9000005:addChannel = 1 0.005571462033406158 0 211 -211 331
9000005:addChannel = 1 0.003379115681588815 0 111 111 331
9000005:addChannel = 1 0.15006575712152448 0 113 113
9000005:addChannel = 1 0.15006575712152448 0 213 -213
9000005:addChannel = 1 0.04479508769242459 0 321 -321 111
9000005:addChannel = 1 0.03681123229931372 0 313 -313
9000005:addChannel = 1 0.036728276519355736 0 323 -323
9000005:addChannel = 1 0.0794863140316762 0 223 223
9000005:addChannel = 1 0.00733610992890653 91 3 -3
9000005:addChannel = 1 0.11572718026125338 91 21 21
