9000005:new = ALPFF void 1 0 0 1.62 1.e-8 1.62 1.62 0.
9000005:addChannel = 1 0.000052197734614866945 0 22 22
9000005:addChannel = 1 4.4346039229705373e-7 0 11 -11
9000005:addChannel = 1 1.0206040844376835e-6 0 11 -11 22
9000005:addChannel = 1 0.018797329687265496 0 13 -13
9000005:addChannel = 1 0.0033659948400251425 0 211 -211 22
9000005:addChannel = 1 0.4548434906470712 0 211 -211 221
9000005:addChannel = 1 0.2279575650474677 0 111 111 221
9000005:addChannel = 1 0.007822243242649426 0 211 -211 331
9000005:addChannel = 1 0.0048867519481373845 0 111 111 331
9000005:addChannel = 1 0.0928071901424209 0 113 113
9000005:addChannel = 1 0.0928071901424209 0 213 -213
9000005:addChannel = 1 0.07223562662282891 0 321 -321 111
9000005:addChannel = 1 0.00004352130654937911 0 313 -313
9000005:addChannel = 1 0.000043398216535112344 0 323 -323
9000005:addChannel = 1 0.024336036357536877 0 223 223
