9000005:new = ALPFF void 1 0 0 9. 1.e-8 9. 9. 0.
9000005:addChannel = 1 0.0001735970085668277 0 22 22
9000005:addChannel = 1 1.985659669313902e-8 0 11 -11
9000005:addChannel = 1 4.316478510979951e-6 0 11 -11 22
9000005:addChannel = 1 0.0008486974810763857 0 13 -13
9000005:addChannel = 1 4.067127049872815e-9 0 211 -211 22
9000005:addChannel = 1 0.001284606888603425 91 3 -3
9000005:addChannel = 1 0.15192707647246984 91 21 21
9000005:addChannel = 1 0.1435699486131146 91 4 -4
9000005:addChannel = 1 0.22060870416620068 0 15 -15
9000005:addChannel = 1 0.48158302896773353 91 5 -5
