9000005:new = ALPFF void 1 0 0 2.42 1.e-8 2.42 2.42 0.
9000005:addChannel = 1 0.0001528958489000702 0 22 22
9000005:addChannel = 1 8.739068172692638e-7 0 11 -11
9000005:addChannel = 1 3.179617335622221e-6 0 11 -11 22
9000005:addChannel = 1 0.037219533410003384 0 13 -13
9000005:addChannel = 1 0.0003260545882244247 0 211 -211 22
9000005:addChannel = 1 0.042325452425374194 0 211 -211 221
9000005:addChannel = 1 0.021222305296216593 0 111 111 221
9000005:addChannel = 1 0.0015504210410683937 0 211 -211 331
9000005:addChannel = 1 0.000893407153521629 0 111 111 331
9000005:addChannel = 1 0.04131763428559948 0 113 113
9000005:addChannel = 1 0.04131763428559948 0 213 -213
9000005:addChannel = 1 0.08743917173682735 0 321 -321 111
9000005:addChannel = 1 0.03115099432857324 0 313 -313
9000005:addChannel = 1 0.031102742797255393 0 323 -323
9000005:addChannel = 1 0.01828961223372748 0 223 223
9000005:addChannel = 1 0.007426161774335895 0 333 333
9000005:addChannel = 1 0.037284925802034186 91 3 -3
9000005:addChannel = 1 0.6009769994685857 91 21 21
