9000005:new = ALPFF void 1 0 0 4.8 1.e-8 4.8 4.8 0.
9000005:addChannel = 1 0.00010954383950331473 0 22 22
9000005:addChannel = 1 5.4171065005029927e-8 0 11 -11
9000005:addChannel = 1 2.510478084868708e-6 0 11 -11 22
9000005:addChannel = 1 0.002313736798194641 0 13 -13
9000005:addChannel = 1 4.002252928905497e-7 0 211 -211 22
9000005:addChannel = 1 0.003500864433844701 0 3 -3
9000005:addChannel = 1 0.21999581801570306 0 21 21
9000005:addChannel = 1 0.3337601546604998 0 4 -4
9000005:addChannel = 1 0.44031691737781176 0 15 -15
