9000005:new = ALPFF void 1 0 0 1.02 1.e-8 1.02 1.02 0.
9000005:addChannel = 1 0.005061126303503266 0 22 22
9000005:addChannel = 1 7.480984091786341e-6 0 11 -11
9000005:addChannel = 1 0.00009170500997309663 0 11 -11 22
9000005:addChannel = 1 0.31289652247778055 0 13 -13
9000005:addChannel = 1 0.11794089483487889 0 211 -211 22
9000005:addChannel = 1 0.3774441695282804 0 211 -211 221
9000005:addChannel = 1 0.1857622000356764 0 111 111 221
9000005:addChannel = 1 0.00039795041290787846 0 113 113
9000005:addChannel = 1 0.00039795041290787846 0 213 -213
