9000005:new = ALPFF void 1 0 0 1.42 1.e-8 1.42 1.42 0.
9000005:addChannel = 1 0.00008423355415958684 0 22 22
9000005:addChannel = 1 5.513014775350252e-7 0 11 -11
9000005:addChannel = 1 1.6126043954555788e-6 0 11 -11 22
9000005:addChannel = 1 0.023307417998518036 0 13 -13
9000005:addChannel = 1 0.004802257124628184 0 211 -211 22
9000005:addChannel = 1 0.5559757406268523 0 211 -211 221
9000005:addChannel = 1 0.27814235146928745 0 111 111 221
9000005:addChannel = 1 0.0030422236906633105 0 211 -211 331
9000005:addChannel = 1 0.0019975493384241446 0 111 111 331
9000005:addChannel = 1 0.01771890467958386 0 113 113
9000005:addChannel = 1 0.01771890467958386 0 213 -213
9000005:addChannel = 1 0.09720825293242621 0 321 -321 111
