9000005:new = ALPFF void 1 0 0 1.27 1.e-8 1.27 1.27 0.
9000005:addChannel = 1 0.00016586877689230467 0 22 22
9000005:addChannel = 1 1.0309260237891965e-6 0 11 -11
9000005:addChannel = 1 3.1180994383353163e-6 0 11 -11 22
9000005:addChannel = 1 0.043460903561898044 0 13 -13
9000005:addChannel = 1 0.007459737919037889 0 211 -211 22
9000005:addChannel = 1 0.5756722900301472 0 211 -211 221
9000005:addChannel = 1 0.2870394679362588 0 111 111 221
9000005:addChannel = 1 0.0002228456133032888 0 211 -211 331
9000005:addChannel = 1 0.00015566305446600078 0 111 111 331
9000005:addChannel = 1 0.003955088340113339 0 113 113
9000005:addChannel = 1 0.003955088340113339 0 213 -213
9000005:addChannel = 1 0.07790889740230769 0 321 -321 111
