9000005:new = ALPFF void 1 0 0 3.6 1.e-8 3.6 3.6 0.
9000005:addChannel = 1 0.00004874033002095744 0 22 22
9000005:addChannel = 1 1.0977583311969716e-7 0 11 -11
9000005:addChannel = 1 1.0735717174873944e-6 0 11 -11 22
9000005:addChannel = 1 0.004685167355555509 0 13 -13
9000005:addChannel = 1 4.2560486789069175e-6 0 211 -211 22
9000005:addChannel = 1 0.007086158899179486 0 3 -3
9000005:addChannel = 1 0.25705315319575234 0 21 21
9000005:addChannel = 1 0.519538019752933 0 4 -4
9000005:addChannel = 1 0.2115833210703291 0 15 -15
