9000005:new = ALPFF void 1 0 0 1.37 1.e-8 1.37 1.37 0.
9000005:addChannel = 1 0.00009992233312811881 0 22 22
9000005:addChannel = 1 6.527745570860336e-7 0 11 -11
9000005:addChannel = 1 1.9018611436208198e-6 0 11 -11 22
9000005:addChannel = 1 0.027574167751258757 0 13 -13
9000005:addChannel = 1 0.005309428362968359 0 211 -211 22
9000005:addChannel = 1 0.5615743981130522 0 211 -211 221
9000005:addChannel = 1 0.28071309967264213 0 111 111 221
9000005:addChannel = 1 0.0017973763020062937 0 211 -211 331
9000005:addChannel = 1 0.0012030519073312142 0 111 111 331
9000005:addChannel = 1 0.010867280771584666 0 113 113
9000005:addChannel = 1 0.010867280771584666 0 213 -213
9000005:addChannel = 1 0.09999143937874293 0 321 -321 111
