9000005:new = ALPFF void 1 0 0 1.97 1.e-8 1.97 1.97 0.
9000005:addChannel = 1 0.0001276013769291703 0 22 22
9000005:addChannel = 1 8.859564573742909e-7 0 11 -11
9000005:addChannel = 1 2.5722682223264216e-6 0 11 -11 22
9000005:addChannel = 1 0.03765886542012047 0 13 -13
9000005:addChannel = 1 0.0011670420027885676 0 211 -211 22
9000005:addChannel = 1 0.15322240307755086 0 211 -211 221
9000005:addChannel = 1 0.07684917676117999 0 111 111 221
9000005:addChannel = 1 0.004574969730450297 0 211 -211 331
9000005:addChannel = 1 0.0026729638663724256 0 111 111 331
9000005:addChannel = 1 0.11518124332802034 0 113 113
9000005:addChannel = 1 0.11518124332802034 0 213 -213
9000005:addChannel = 1 0.0504650415936329 0 321 -321 111
9000005:addChannel = 1 0.03849679573523001 0 313 -313
9000005:addChannel = 1 0.03841333963071134 0 323 -323
9000005:addChannel = 1 0.0600827711861593 0 223 223
9000005:addChannel = 1 0.0180699684173322 91 3 -3
9000005:addChannel = 1 0.2878331163208222 91 21 21
