9000005:new = ALPFF void 1 0 0 5.6 1.e-8 5.6 5.6 0.
9000005:addChannel = 1 0.00014910953539534435 0 22 22
9000005:addChannel = 1 4.7499817761694483e-8 0 11 -11
9000005:addChannel = 1 3.4884339215206225e-6 0 11 -11 22
9000005:addChannel = 1 0.002029319207106472 0 13 -13
9000005:addChannel = 1 1.4519369622947206e-7 0 211 -211 22
9000005:addChannel = 1 0.0030709294487834137 91 3 -3
9000005:addChannel = 1 0.23838799817014372 91 21 21
9000005:addChannel = 1 0.3124500713323237 91 4 -4
9000005:addChannel = 1 0.443908891178812 0 15 -15
