9000005:new = ALPFF void 1 0 0 1.22 1.e-8 1.22 1.22 0.
9000005:addChannel = 1 0.0002165240004849675 0 22 22
9000005:addChannel = 1 1.2625376245626945e-6 0 11 -11
9000005:addChannel = 1 4.04340409222632e-6 0 11 -11 22
9000005:addChannel = 1 0.05316156695150755 0 13 -13
9000005:addChannel = 1 0.008814361564447001 0 211 -211 22
9000005:addChannel = 1 0.5099530463796462 0 211 -211 221
9000005:addChannel = 1 0.2537178255880105 0 111 111 221
9000005:addChannel = 1 0.002101932818615542 0 113 113
9000005:addChannel = 1 0.002101932818615542 0 213 -213
9000005:addChannel = 1 0.05052715705286038 0 321 -321 111
9000005:addChannel = 1 0.010069996888512974 0 3 -3
9000005:addChannel = 1 0.1093303499955826 0 21 21
