9000005:new = ALPFF void 1 0 0 4.4 1.e-8 4.4 4.4 0.
9000005:addChannel = 1 0.00009001337513950607 0 22 22
9000005:addChannel = 1 6.020444288951218e-8 0 11 -11
9000005:addChannel = 1 2.038624009551511e-6 0 11 -11 22
9000005:addChannel = 1 0.0025709578403531894 0 13 -13
9000005:addChannel = 1 7.358448994996693e-7 0 211 -211 22
9000005:addChannel = 1 0.003889683533628506 0 3 -3
9000005:addChannel = 1 0.21235699776038397 0 21 21
9000005:addChannel = 1 0.35186111958586763 0 4 -4
9000005:addChannel = 1 0.4292283932312751 0 15 -15
