9000005:new = ALPFF void 1 0 0 2.37 1.e-8 2.37 2.37 0.
9000005:addChannel = 1 0.00015085109230185255 0 22 22
9000005:addChannel = 1 8.680000520375644e-7 0 11 -11
9000005:addChannel = 1 3.127338074092558e-6 0 11 -11 22
9000005:addChannel = 1 0.03696190927326741 0 13 -13
9000005:addChannel = 1 0.00036447645397330006 0 211 -211 22
9000005:addChannel = 1 0.04591189549547598 0 211 -211 221
9000005:addChannel = 1 0.023022310783690665 0 111 111 221
9000005:addChannel = 1 0.0014831083935399757 0 211 -211 331
9000005:addChannel = 1 0.000835668222167264 0 111 111 331
9000005:addChannel = 1 0.044067973896339895 0 113 113
9000005:addChannel = 1 0.044067973896339895 0 213 -213
9000005:addChannel = 1 0.0844419935737613 0 321 -321 111
9000005:addChannel = 1 0.03281053730154361 0 313 -313
9000005:addChannel = 1 0.0327578631628448 0 323 -323
9000005:addChannel = 1 0.02018343515150511 0 223 223
9000005:addChannel = 1 0.007165671847369017 0 333 333
9000005:addChannel = 1 0.0362893032872923 91 3 -3
9000005:addChannel = 1 0.5894810328304614 91 21 21
