9000005:new = ALPFF void 1 0 0 8.2 1.e-8 8.2 8.2 0.
9000005:addChannel = 1 0.0002948167583384708 0 22 22
9000005:addChannel = 1 4.1674885456920264e-8 0 11 -11
9000005:addChannel = 1 7.245578978338764e-6 0 11 -11 22
9000005:addChannel = 1 0.0017811397702975987 0 13 -13
9000005:addChannel = 1 1.3438229288604882e-8 0 211 -211 22
9000005:addChannel = 1 0.0026958933965391275 0 3 -3
9000005:addChannel = 1 0.2430972807612901 0 21 21
9000005:addChannel = 1 0.29794819703523706 0 4 -4
9000005:addChannel = 1 0.45417537158620463 0 15 -15
