9000005:new = ALPFF void 1 0 0 7.8 1.e-8 7.8 7.8 0.
9000005:addChannel = 1 0.00026856600346244764 0 22 22
9000005:addChannel = 1 4.10812818679878e-8 0 11 -11
9000005:addChannel = 1 6.558817685547632e-6 0 11 -11 22
9000005:addChannel = 1 0.0017557084217542382 0 13 -13
9000005:addChannel = 1 1.8656222113809438e-8 0 211 -211 22
9000005:addChannel = 1 0.0026573532530799423 0 3 -3
9000005:addChannel = 1 0.2614606685591181 0 21 21
9000005:addChannel = 1 0.2916248833731751 0 4 -4
9000005:addChannel = 1 0.44222620183422084 0 15 -15
