9000005:new = ALPFF void 1 0 0 10. 1.e-8 10. 10. 0.
9000005:addChannel = 1 0.00017031731272947783 0 22 22
9000005:addChannel = 1 1.4842833049642057e-8 0 11 -11
9000005:addChannel = 1 4.2905201470584895e-6 0 11 -11 22
9000005:addChannel = 1 0.0006344357642009336 0 13 -13
9000005:addChannel = 1 1.467279811180844e-9 0 211 -211 22
9000005:addChannel = 1 0.000960321606424801 91 3 -3
9000005:addChannel = 1 0.17797620819621918 91 21 21
9000005:addChannel = 1 0.10842297019020151 91 4 -4
9000005:addChannel = 1 0.16777453838120543 0 15 -15
9000005:addChannel = 1 0.5440569017187586 91 5 -5
