9000005:new = ALPFF void 1 0 0 8.6 1.e-8 8.6 8.6 0.
9000005:addChannel = 1 0.0001991838259763913 0 22 22
9000005:addChannel = 1 2.5999374496700435e-8 0 11 -11
9000005:addChannel = 1 4.924640401005882e-6 0 11 -11 22
9000005:addChannel = 1 0.0011112188416826502 0 13 -13
9000005:addChannel = 1 6.5025337532468e-9 0 211 -211 22
9000005:addChannel = 1 0.0016819421678938677 0 3 -3
9000005:addChannel = 1 0.1471058249035243 0 21 21
9000005:addChannel = 1 0.18700778378704364 0 4 -4
9000005:addChannel = 1 0.286304515135977 0 15 -15
9000005:addChannel = 1 0.3765845741955928 0 5 -5
