9000005:new = ALPFF void 1 0 0 2.27 1.e-8 2.27 2.27 0.
9000005:addChannel = 1 0.00014602064257915716 0 22 22
9000005:addChannel = 1 8.630911730224012e-7 0 11 -11
9000005:addChannel = 1 3.0076953876621777e-6 0 11 -11 22
9000005:addChannel = 1 0.03673961250631411 0 13 -13
9000005:addChannel = 1 0.00046246913671963195 0 211 -211 22
9000005:addChannel = 1 0.05954589650489775 0 211 -211 221
9000005:addChannel = 1 0.029862546954778794 0 111 111 221
9000005:addChannel = 1 0.0017293316393544528 0 211 -211 331
9000005:addChannel = 1 0.0009431714850334136 0 111 111 331
9000005:addChannel = 1 0.05485051954466159 0 113 113
9000005:addChannel = 1 0.05485051954466159 0 213 -213
9000005:addChannel = 1 0.09163300779528014 0 321 -321 111
9000005:addChannel = 1 0.037488163759748276 0 313 -313
9000005:addChannel = 1 0.0374234300861328 0 323 -323
9000005:addChannel = 1 0.026488692209897812 0 223 223
9000005:addChannel = 1 0.006884373191517735 0 333 333
9000005:addChannel = 1 0.032320842212876504 91 3 -3
9000005:addChannel = 1 0.5286275319989856 91 21 21
