9000005:new = ALPFF void 1 0 0 8. 1.e-8 8. 8. 0.
9000005:addChannel = 1 0.00028119759263774325 0 22 22
9000005:addChannel = 1 4.119403222092306e-8 0 11 -11
9000005:addChannel = 1 6.889356540102609e-6 0 11 -11 22
9000005:addChannel = 1 0.00176055900507116 0 13 -13
9000005:addChannel = 1 1.5687538125176957e-8 0 211 -211 22
9000005:addChannel = 1 0.002664719736768516 0 3 -3
9000005:addChannel = 1 0.2554788811097534 0 21 21
9000005:addChannel = 1 0.29350877644492585 0 4 -4
9000005:addChannel = 1 0.4462989198727329 0 15 -15
