9000005:new = ALPFF void 1 0 0 6.6 1.e-8 6.6 6.6 0.
9000005:addChannel = 1 0.00020075028015956626 0 22 22
9000005:addChannel = 1 4.316692542116955e-8 0 11 -11
9000005:addChannel = 1 4.798755789783031e-6 0 11 -11 22
9000005:addChannel = 1 0.0018445746832230863 0 13 -13
9000005:addChannel = 1 5.140419926803795e-8 0 211 -211 22
9000005:addChannel = 1 0.002791647170530316 0 3 -3
9000005:addChannel = 1 0.25814006646644183 0 21 21
9000005:addChannel = 1 0.29715072812759247 0 4 -4
9000005:addChannel = 1 0.43986733994513827 0 15 -15
