9000005:new = ALPFF void 1 0 0 6.2 1.e-8 6.2 6.2 0.
9000005:addChannel = 1 0.00017972854272980214 0 22 22
9000005:addChannel = 1 4.4572079230206924e-8 0 11 -11
9000005:addChannel = 1 4.261439747035323e-6 0 11 -11 22
9000005:addChannel = 1 0.0019044884317330998 0 13 -13
9000005:addChannel = 1 7.476919863659238e-8 0 211 -211 22
9000005:addChannel = 1 0.002882221171666754 91 3 -3
9000005:addChannel = 1 0.25114304367121565 91 21 21
9000005:addChannel = 1 0.30222548970767216 91 4 -4
9000005:addChannel = 1 0.4416606476939576 0 15 -15
