9000005:new = ALPFF void 1 0 0 6.8 1.e-8 6.8 6.8 0.
9000005:addChannel = 1 0.0002114835035566965 0 22 22
9000005:addChannel = 1 4.259486527544655e-8 0 11 -11
9000005:addChannel = 1 5.074882240714512e-6 0 11 -11 22
9000005:addChannel = 1 0.0018201839896326757 0 13 -13
9000005:addChannel = 1 4.186462582750895e-8 0 211 -211 22
9000005:addChannel = 1 0.0027547756593702486 0 3 -3
9000005:addChannel = 1 0.2609593502101407 0 21 21
9000005:addChannel = 1 0.29510439261621757 0 4 -4
9000005:addChannel = 1 0.4391446546793502 0 15 -15
