9000005:new = ALPFF void 1 0 0 5.2 1.e-8 5.2 5.2 0.
9000005:addChannel = 1 0.00012918583952173276 0 22 22
9000005:addChannel = 1 5.027050649952351e-8 0 11 -11
9000005:addChannel = 1 2.992658444427363e-6 0 11 -11 22
9000005:addChannel = 1 0.0021474457882382975 0 13 -13
9000005:addChannel = 1 2.3469818261368434e-7 0 211 -211 22
9000005:addChannel = 1 0.003249496122017867 0 3 -3
9000005:addChannel = 1 0.22912206250662082 0 21 21
9000005:addChannel = 1 0.32157616317931736 0 4 -4
9000005:addChannel = 1 0.4437723689371504 0 15 -15
