9000005:new = ALPGG void 1 0 0 2.17 1.e-8 2.17 2.17 0.
9000005:addChannel = 1 3.2665776873060826e-7 0 22 22
9000005:addChannel = 1 6.682820863205612e-9 0 11 -11 22
9000005:addChannel = 1 0.0006251009577798522 0 211 -211 22
9000005:addChannel = 1 0.08043978046295726 0 211 -211 221
9000005:addChannel = 1 0.04034439907898847 0 111 111 221
9000005:addChannel = 1 0.0022775812735287213 0 211 -211 331
9000005:addChannel = 1 0.0012778410021976427 0 111 111 331
9000005:addChannel = 1 0.07482919702658021 0 113 113
9000005:addChannel = 1 0.07482919702658021 0 213 -213
9000005:addChannel = 1 0.08828070494690783 0 321 -321 111
9000005:addChannel = 1 0.04005446154796531 0 313 -313
9000005:addChannel = 1 0.04005563520821213 0 323 -323
9000005:addChannel = 1 0.03627050619114526 0 223 223
9000005:addChannel = 1 0.004263642147082031 0 333 333
9000005:addChannel = 1 0.00020965698612136551 91 3 -3
9000005:addChannel = 1 0.5162419628033643 91 21 21
