9000005:new = ALPGG void 1 0 0 1.92 1.e-8 1.92 1.92 0.
9000005:addChannel = 1 3.332340559906344e-7 0 22 22
9000005:addChannel = 1 6.6910006962471316e-9 0 11 -11 22
9000005:addChannel = 1 0.0018043488960466432 0 211 -211 22
9000005:addChannel = 1 0.23566262886674527 0 211 -211 221
9000005:addChannel = 1 0.11819201634250566 0 111 111 221
9000005:addChannel = 1 0.005681281972507369 0 211 -211 331
9000005:addChannel = 1 0.003480837700205544 0 111 111 331
9000005:addChannel = 1 0.1637523389898473 0 113 113
9000005:addChannel = 1 0.1637523389898473 0 213 -213
9000005:addChannel = 1 0.04353327565354347 0 321 -321 111
9000005:addChannel = 1 0.035774238441368754 0 313 -313
9000005:addChannel = 1 0.03577555483513794 0 323 -323
9000005:addChannel = 1 0.08673577563619646 0 223 223
9000005:addChannel = 1 0.00005381937395813882 0 3 -3
9000005:addChannel = 1 0.10580120437703353 0 21 21
