9000005:new = ALPGG void 1 0 0 1.57 1.e-8 1.57 1.57 0.
9000005:addChannel = 1 1.531732100827434e-6 0 22 22
9000005:addChannel = 1 2.9800659724907334e-8 0 11 -11 22
9000005:addChannel = 1 0.0039022530452667665 0 211 -211 22
9000005:addChannel = 1 0.5103625098130135 0 211 -211 221
9000005:addChannel = 1 0.2557097850369446 0 111 111 221
9000005:addChannel = 1 0.007342022486097136 0 211 -211 331
9000005:addChannel = 1 0.004644359862266074 0 111 111 331
9000005:addChannel = 1 0.0692658665269787 0 113 113
9000005:addChannel = 1 0.0692658665269787 0 213 -213
9000005:addChannel = 1 0.07821663219964906 0 321 -321 111
9000005:addChannel = 1 3.935416189367268e-6 0 313 -313
9000005:addChannel = 1 3.935617848348853e-6 0 323 -323
9000005:addChannel = 1 0.001281271936007251 0 223 223
