9000005:new = ALPGG void 1 0 0 1.52 1.e-8 1.52 1.52 0.
9000005:addChannel = 1 2.117259614171163e-6 0 22 22
9000005:addChannel = 1 4.0980121545470645e-8 0 11 -11 22
9000005:addChannel = 1 0.004327105033715524 0 211 -211 22
9000005:addChannel = 1 0.5368044093067597 0 211 -211 221
9000005:addChannel = 1 0.2688731091081896 0 111 111 221
9000005:addChannel = 1 0.006099416031463802 0 211 -211 331
9000005:addChannel = 1 0.0038997819506782485 0 111 111 331
9000005:addChannel = 1 0.04729977267142079 0 113 113
9000005:addChannel = 1 0.04729977267142079 0 213 -213
9000005:addChannel = 1 0.08539393779812039 0 321 -321 111
9000005:addChannel = 1 2.6858704953450197e-7 0 313 -313
9000005:addChannel = 1 2.686014459476721e-7 0 323 -323
