9000005:new = ALPGG void 1 0 0 1.22 1.e-8 1.22 1.22 0.
9000005:addChannel = 1 0.00001910043266374804 0 22 22
9000005:addChannel = 1 3.5668455886142717e-7 0 11 -11 22
9000005:addChannel = 1 0.006919128265715114 0 211 -211 22
9000005:addChannel = 1 0.3950907994627714 0 211 -211 221
9000005:addChannel = 1 0.19653622477110855 0 111 111 221
9000005:addChannel = 1 0.0016499825508155756 0 113 113
9000005:addChannel = 1 0.0016499825508155756 0 213 -213
9000005:addChannel = 1 0.03920297666556355 0 321 -321 111
9000005:addChannel = 1 0.000442452337317326 91 3 -3
9000005:addChannel = 1 0.3584889962786702 91 21 21
