9000005:new = ALPGG void 1 0 0 1.32 1.e-8 1.32 1.32 0.
9000005:addChannel = 1 9.15624042582604e-6 0 22 22
9000005:addChannel = 1 1.7321974332221822e-7 0 11 -11 22
9000005:addChannel = 1 0.006535738975074418 0 211 -211 22
9000005:addChannel = 1 0.5887108108277941 0 211 -211 221
9000005:addChannel = 1 0.29394349093651906 0 111 111 221
9000005:addChannel = 1 0.000861937234457555 0 211 -211 331
9000005:addChannel = 1 0.0005911966935839239 0 111 111 331
9000005:addChannel = 1 0.00698223810337349 0 113 113
9000005:addChannel = 1 0.00698223810337349 0 213 -213
9000005:addChannel = 1 0.09538301966565473 0 321 -321 111
