9000005:new = ALPGG void 1 0 0 2.22 1.e-8 2.22 2.22 0.
9000005:addChannel = 1 3.24098696531125e-7 0 22 22
9000005:addChannel = 1 6.6533386971052844e-9 0 11 -11 22
9000005:addChannel = 1 0.000541002685756291 0 211 -211 22
9000005:addChannel = 1 0.0670938458649952 0 211 -211 221
9000005:addChannel = 1 0.03364944238261832 0 111 111 221
9000005:addChannel = 1 0.0019013080045211796 0 211 -211 331
9000005:addChannel = 1 0.0010492023843305636 0 111 111 331
9000005:addChannel = 1 0.06431580050293269 0 113 113
9000005:addChannel = 1 0.06431580050293269 0 213 -213
9000005:addChannel = 1 0.0858754085574175 0 321 -321 111
9000005:addChannel = 1 0.03679374462056879 0 313 -313
9000005:addChannel = 1 0.03679477656245629 0 323 -323
9000005:addChannel = 1 0.03077476567662429 0 223 223
9000005:addChannel = 1 0.005200006958369184 0 333 333
9000005:addChannel = 1 0.00022264726530266053 91 3 -3
9000005:addChannel = 1 0.571471917279139 91 21 21
