9000005:new = ALPGG void 1 0 0 2.07 1.e-8 2.07 2.07 0.
9000005:addChannel = 1 3.304529505640692e-7 0 22 22
9000005:addChannel = 1 6.712166072966303e-9 0 11 -11 22
9000005:addChannel = 1 0.0008415762438164792 0 211 -211 22
9000005:addChannel = 1 0.10829063656530466 0 211 -211 221
9000005:addChannel = 1 0.05431434899945738 0 111 111 221
9000005:addChannel = 1 0.0030766065524846353 0 211 -211 331
9000005:addChannel = 1 0.0017749521014299567 0 111 111 331
9000005:addChannel = 1 0.09271803519115535 0 113 113
9000005:addChannel = 1 0.09271803519115535 0 213 -213
9000005:addChannel = 1 0.0731881771947334 0 321 -321 111
9000005:addChannel = 1 0.04071638752763119 0 313 -313
9000005:addChannel = 1 0.04071769215424027 0 323 -323
9000005:addChannel = 1 0.047051914572275845 0 223 223
9000005:addChannel = 1 0.0008032383522219514 0 333 333
9000005:addChannel = 1 0.00019640261969205554 0 3 -3
9000005:addChannel = 1 0.4435916595692849 0 21 21
