9000005:new = ALPGG void 1 0 0 1.27 1.e-8 1.27 1.27 0.
9000005:addChannel = 1 0.000014395741099321849 0 22 22
9000005:addChannel = 1 2.70619661380638e-7 0 11 -11 22
9000005:addChannel = 1 0.007445629706951873 0 211 -211 22
9000005:addChannel = 1 0.568125997906069 0 211 -211 221
9000005:addChannel = 1 0.2832444122273658 0 111 111 221
9000005:addChannel = 1 0.00021674847388246542 0 211 -211 331
9000005:addChannel = 1 0.00015187933618686006 0 111 111 331
9000005:addChannel = 1 0.0039476082884376835 0 113 113
9000005:addChannel = 1 0.0039476082884376835 0 213 -213
9000005:addChannel = 1 0.07678108148989722 0 321 -321 111
9000005:addChannel = 1 0.00006332436148689812 0 3 -3
9000005:addChannel = 1 0.05606104356052395 0 21 21
