9000005:new = ALPGG void 1 0 0 1.72 1.e-8 1.72 1.72 0.
9000005:addChannel = 1 6.267261414269291e-7 0 22 22
9000005:addChannel = 1 1.2370452048843314e-8 0 11 -11 22
9000005:addChannel = 1 0.0028155027087167746 0 211 -211 22
9000005:addChannel = 1 0.38483620769215565 0 211 -211 221
9000005:addChannel = 1 0.1929359839898317 0 111 111 221
9000005:addChannel = 1 0.007496207012261379 0 211 -211 331
9000005:addChannel = 1 0.004711008651789561 0 111 111 331
9000005:addChannel = 1 0.14090023117844805 0 113 113
9000005:addChannel = 1 0.14090023117844805 0 213 -213
9000005:addChannel = 1 0.05291479604458086 0 321 -321 111
9000005:addChannel = 1 0.0009428427520822091 0 313 -313
9000005:addChannel = 1 0.0009428847046571211 0 323 -323
9000005:addChannel = 1 0.07060346499043517 0 223 223
