9000005:new = ALPGG void 1 0 0 1.77 1.e-8 1.77 1.77 0.
9000005:addChannel = 1 5.04060483438986e-7 0 22 22
9000005:addChannel = 1 9.993997664708396e-9 0 11 -11 22
9000005:addChannel = 1 0.0026808852562414842 0 211 -211 22
9000005:addChannel = 1 0.35320370811500024 0 211 -211 221
9000005:addChannel = 1 0.17710152013367192 0 111 111 221
9000005:addChannel = 1 0.007023399246050327 0 211 -211 331
9000005:addChannel = 1 0.00442149212909466 0 111 111 331
9000005:addChannel = 1 0.15873201585693997 0 113 113
9000005:addChannel = 1 0.15873201585693997 0 213 -213
9000005:addChannel = 1 0.04488665382358104 0 321 -321 111
9000005:addChannel = 1 0.0035897016043436006 0 313 -313
9000005:addChannel = 1 0.003589853882495065 0 323 -323
9000005:addChannel = 1 0.08603824004116054 0 223 223
