9000005:new = ALPGG void 1 0 0 1.82 1.e-8 1.82 1.82 0.
9000005:addChannel = 1 3.953787110204841e-7 0 22 22
9000005:addChannel = 1 7.873286706349993e-9 0 11 -11 22
9000005:addChannel = 1 0.0024601930706812532 0 211 -211 22
9000005:addChannel = 1 0.32815026545786063 0 211 -211 221
9000005:addChannel = 1 0.16455687571325273 0 111 111 221
9000005:addChannel = 1 0.006697837665403581 0 211 -211 331
9000005:addChannel = 1 0.004215341543665397 0 111 111 331
9000005:addChannel = 1 0.16633105922305577 0 113 113
9000005:addChannel = 1 0.16633105922305577 0 213 -213
9000005:addChannel = 1 0.03981000532390031 0 321 -321 111
9000005:addChannel = 1 0.012479844096624317 0 313 -313
9000005:addChannel = 1 0.012480348852170697 0 323 -323
9000005:addChannel = 1 0.09648676657833176 0 223 223
