9000005:new = ALPGG void 1 0 0 1.67 1.e-8 1.67 1.67 0.
9000005:addChannel = 1 8.459148896824481e-7 0 22 22
9000005:addChannel = 1 1.6619537127581754e-8 0 11 -11 22
9000005:addChannel = 1 0.0031729715280251164 0 211 -211 22
9000005:addChannel = 1 0.4224893279254746 0 211 -211 221
9000005:addChannel = 1 0.21177705036841019 0 111 111 221
9000005:addChannel = 1 0.007710741390068099 0 211 -211 331
9000005:addChannel = 1 0.004840572750272122 0 111 111 331
9000005:addChannel = 1 0.11861609640302866 0 113 113
9000005:addChannel = 1 0.11861609640302866 0 213 -213
9000005:addChannel = 1 0.061313817716820894 0 321 -321 111
9000005:addChannel = 1 0.00022702495466778115 0 313 -313
9000005:addChannel = 1 0.00022703554897338243 0 323 -323
9000005:addChannel = 1 0.05100840247680368 0 223 223
