9000005:new = ALPGG void 1 0 0 1.87 1.e-8 1.87 1.87 0.
9000005:addChannel = 1 3.1876193793116774e-7 0 22 22
9000005:addChannel = 1 6.374358514777174e-9 0 11 -11 22
9000005:addChannel = 1 0.002290415894999015 0 211 -211 22
9000005:addChannel = 1 0.2985335662836818 0 211 -211 221
9000005:addChannel = 1 0.1497156206096058 0 111 111 221
9000005:addChannel = 1 0.0063017102468186596 0 211 -211 331
9000005:addChannel = 1 0.003941425983602572 0 111 111 331
9000005:addChannel = 1 0.17262267670963055 0 113 113
9000005:addChannel = 1 0.17262267670963055 0 213 -213
9000005:addChannel = 1 0.04008071304738969 0 321 -321 111
9000005:addChannel = 1 0.027029824426861367 0 313 -313
9000005:addChannel = 1 0.02703086700841622 0 323 -323
9000005:addChannel = 1 0.09983017794306724 0 223 223
