9000005:new = ALPGG void 1 0 0 1.97 1.e-8 1.97 1.97 0.
9000005:addChannel = 1 3.3267061404431685e-7 0 22 22
9000005:addChannel = 1 6.706181936289063e-9 0 11 -11 22
9000005:addChannel = 1 0.001266842209593213 0 211 -211 22
9000005:addChannel = 1 0.1634975046288319 0 211 -211 221
9000005:addChannel = 1 0.08200181075765972 0 111 111 221
9000005:addChannel = 1 0.004510921417180063 0 211 -211 331
9000005:addChannel = 1 0.0026717478765788533 0 111 111 331
9000005:addChannel = 1 0.12503102754888445 0 113 113
9000005:addChannel = 1 0.12503102754888445 0 213 -213
9000005:addChannel = 1 0.04882124674669936 0 321 -321 111
9000005:addChannel = 1 0.0374086152806732 0 313 -313
9000005:addChannel = 1 0.03740992907555135 0 323 -323
9000005:addChannel = 1 0.06522078076546077 0 223 223
9000005:addChannel = 1 0.00014889653587296683 0 3 -3
9000005:addChannel = 1 0.30697931023133374 0 21 21
