9000005:new = ALPGG void 1 0 0 2.6 1.e-8 2.6 2.6 0.
9000005:addChannel = 1 2.819627539060178e-7 0 22 22
9000005:addChannel = 1 5.926356579371511e-9 0 11 -11 22
9000005:addChannel = 1 0.00019561423816792255 0 211 -211 22
9000005:addChannel = 1 0.025718573615362787 0 211 -211 221
9000005:addChannel = 1 0.012891360270146193 0 111 111 221
9000005:addChannel = 1 0.0016256969420736765 0 211 -211 331
9000005:addChannel = 1 0.0009835906141961912 0 111 111 331
9000005:addChannel = 1 0.023171997482673498 0 113 113
9000005:addChannel = 1 0.023171997482673498 0 213 -213
9000005:addChannel = 1 0.06839920033534694 0 321 -321 111
9000005:addChannel = 1 0.018184427193666457 0 313 -313
9000005:addChannel = 1 0.018184800445932715 0 323 -323
9000005:addChannel = 1 0.010064516390912473 0 223 223
9000005:addChannel = 1 0.004696184682644497 0 333 333
9000005:addChannel = 1 0.00023214685316181693 91 3 -3
9000005:addChannel = 1 0.7924796055639308 91 21 21
