9000005:new = ALPGG void 1 0 0 1.42 1.e-8 1.42 1.42 0.
9000005:addChannel = 1 3.958086624455672e-6 0 22 22
9000005:addChannel = 1 7.57753599723265e-8 0 11 -11 22
9000005:addChannel = 1 0.004973413014281404 0 211 -211 22
9000005:addChannel = 1 0.5706466869562862 0 211 -211 221
9000005:addChannel = 1 0.28546712411559505 0 111 111 221
9000005:addChannel = 1 0.003031682627079123 0 211 -211 331
9000005:addChannel = 1 0.002000883199865675 0 111 111 331
9000005:addChannel = 1 0.018350419156091514 0 113 113
9000005:addChannel = 1 0.018350419156091514 0 213 -213
9000005:addChannel = 1 0.0971753379127253 0 321 -321 111
