9000005:new = ALPGG void 1 0 0 2.12 1.e-8 2.12 2.12 0.
9000005:addChannel = 1 3.2876470552211853e-7 0 22 22
9000005:addChannel = 1 6.702183017625373e-9 0 11 -11 22
9000005:addChannel = 1 0.0007242697524231633 0 211 -211 22
9000005:addChannel = 1 0.09127688971522428 0 211 -211 221
9000005:addChannel = 1 0.04578060116557564 0 111 111 221
9000005:addChannel = 1 0.0026004808830141957 0 211 -211 331
9000005:addChannel = 1 0.0014825812581787318 0 111 111 331
9000005:addChannel = 1 0.08315607280385023 0 113 113
9000005:addChannel = 1 0.08315607280385023 0 213 -213
9000005:addChannel = 1 0.08130319257819062 0 321 -321 111
9000005:addChannel = 1 0.0403704731544062 0 313 -313
9000005:addChannel = 1 0.040371709773561894 0 323 -323
9000005:addChannel = 1 0.04112196510072057 0 223 223
9000005:addChannel = 1 0.0026112777013552733 0 333 333
9000005:addChannel = 1 0.00020589837938197864 91 3 -3
9000005:addChannel = 1 0.4858381794633785 91 21 21
