9000005:new = ALPGG void 1 0 0 2.32 1.e-8 2.32 2.32 0.
9000005:addChannel = 1 3.1743999449018447e-7 0 22 22
9000005:addChannel = 1 6.559972484886504e-9 0 11 -11 22
9000005:addChannel = 1 0.00040843830345145337 0 211 -211 22
9000005:addChannel = 1 0.051595602797039036 0 211 -211 221
9000005:addChannel = 1 0.025874046451616572 0 111 111 221
9000005:addChannel = 1 0.0015147465796339515 0 211 -211 331
9000005:addChannel = 1 0.0008410546627156426 0 111 111 331
9000005:addChannel = 1 0.0486532952158999 0 113 113
9000005:addChannel = 1 0.0486532952158999 0 213 -213
9000005:addChannel = 1 0.08099112009812161 0 321 -321 111
9000005:addChannel = 1 0.032704667000976254 0 313 -313
9000005:addChannel = 1 0.03270550896411639 0 323 -323
9000005:addChannel = 1 0.023274061898622682 0 223 223
9000005:addChannel = 1 0.006185224391785693 0 333 333
9000005:addChannel = 1 0.00023246403087207905 0 3 -3
9000005:addChannel = 1 0.6463661503892819 0 21 21
