9000005:new = ALPGG void 1 0 0 2.02 1.e-8 2.02 2.02 0.
9000005:addChannel = 1 3.317483711224932e-7 0 22 22
9000005:addChannel = 1 6.713349665243477e-9 0 11 -11 22
9000005:addChannel = 1 0.0009807956378842565 0 211 -211 22
9000005:addChannel = 1 0.12564606865128466 0 211 -211 221
9000005:addChannel = 1 0.06301876765422686 0 111 111 221
9000005:addChannel = 1 0.003595201207980111 0 211 -211 331
9000005:addChannel = 1 0.0020951781112206816 0 111 111 331
9000005:addChannel = 1 0.10294673727645054 0 113 113
9000005:addChannel = 1 0.10294673727645054 0 213 -213
9000005:addChannel = 1 0.0601149301812352 0 321 -321 111
9000005:addChannel = 1 0.039321590149000385 0 313 -313
9000005:addChannel = 1 0.03932290885334757 0 323 -323
9000005:addChannel = 1 0.05343599188386476 0 223 223
9000005:addChannel = 1 0.00018820499961775695 0 3 -3
9000005:addChannel = 1 0.4063865496557158 0 21 21
