9000005:new = ALPGG void 1 0 0 1.37 1.e-8 1.37 1.37 0.
9000005:addChannel = 1 5.760637904022925e-6 0 22 22
9000005:addChannel = 1 1.0964449136794035e-7 0 11 -11 22
9000005:addChannel = 1 0.005519196768838809 0 211 -211 22
9000005:addChannel = 1 0.5784036774558852 0 211 -211 221
9000005:addChannel = 1 0.2891077374565108 0 111 111 221
9000005:addChannel = 1 0.0018045413191739342 0 211 -211 331
9000005:addChannel = 1 0.0012133901862724317 0 111 111 331
9000005:addChannel = 1 0.011296632484756182 0 113 113
9000005:addChannel = 1 0.011296632484756182 0 213 -213
9000005:addChannel = 1 0.10135232156141101 0 321 -321 111
