9000005:new = ALPGG void 1 0 0 2.27 1.e-8 2.27 2.27 0.
9000005:addChannel = 1 3.2104453109313645e-7 0 22 22
9000005:addChannel = 1 6.612792125466392e-9 0 11 -11 22
9000005:addChannel = 1 0.0004694656588956082 0 211 -211 22
9000005:addChannel = 1 0.059766838277243196 0 211 -211 221
9000005:addChannel = 1 0.029973216270694315 0 111 111 221
9000005:addChannel = 1 0.0016637298745263162 0 211 -211 331
9000005:addChannel = 1 0.0009124393272722158 0 111 111 331
9000005:addChannel = 1 0.055680332489759135 0 113 113
9000005:addChannel = 1 0.055680332489759135 0 213 -213
9000005:addChannel = 1 0.0843472815408664 0 321 -321 111
9000005:addChannel = 1 0.0349318968379247 0 313 -313
9000005:addChannel = 1 0.03493283519245698 0 323 -323
9000005:addChannel = 1 0.026889429702941618 0 223 223
9000005:addChannel = 1 0.00592004707955908 0 333 333
9000005:addChannel = 1 0.00022770456185407687 0 3 -3
9000005:addChannel = 1 0.608604123038924 0 21 21
