9000005:new = ALPGG void 1 0 0 2.8 1.e-8 2.8 2.8 0.
9000005:addChannel = 1 2.049858875187933e-7 0 22 22
9000005:addChannel = 1 4.355500059003548e-9 0 11 -11 22
9000005:addChannel = 1 0.00012039199899354356 0 211 -211 22
9000005:addChannel = 1 0.01660856648565067 0 211 -211 221
9000005:addChannel = 1 0.0083218649631404 0 111 111 221
9000005:addChannel = 1 0.0018192523649832463 0 211 -211 331
9000005:addChannel = 1 0.0010842652081439579 0 111 111 331
9000005:addChannel = 1 0.013746328330876035 0 113 113
9000005:addChannel = 1 0.013746328330876035 0 213 -213
9000005:addChannel = 1 0.06347541729829259 0 321 -321 111
9000005:addChannel = 1 0.010885016795493105 0 313 -313
9000005:addChannel = 1 0.010885209015795965 0 323 -323
9000005:addChannel = 1 0.005453243957740123 0 223 223
9000005:addChannel = 1 0.003086670851881846 0 333 333
9000005:addChannel = 1 0.000218296254854478 91 3 -3
9000005:addChannel = 1 0.8505489388018902 91 21 21
