9000005:new = ALPGG void 1 0 0 0.87 1.e-8 0.87 0.87 0.
9000005:addChannel = 1 0.4051991835087764 0 22 22
9000005:addChannel = 1 0.00714233214947577 0 11 -11 22
9000005:addChannel = 1 0.25172128448773207 0 211 -211 22
9000005:addChannel = 1 0.09084958942232654 0 211 -211 111
9000005:addChannel = 1 0.09434598352910228 0 111 111 111
9000005:addChannel = 1 0.09932008683607871 0 211 -211 221
9000005:addChannel = 1 0.05128617833090649 0 111 111 221
9000005:addChannel = 1 0.00006768086780090739 0 113 113
9000005:addChannel = 1 0.00006768086780090739 0 213 -213
