9000005:new = ALPGG void 1 0 0 0.92 1.e-8 0.92 0.92 0.
9000005:addChannel = 1 0.035027037387968044 0 22 22
9000005:addChannel = 1 0.0006234753612923377 0 11 -11 22
9000005:addChannel = 1 0.23773812713450584 0 211 -211 22
9000005:addChannel = 1 0.0063910528151891475 0 211 -211 111
9000005:addChannel = 1 0.008861044142676076 0 111 111 111
9000005:addChannel = 1 0.47500954105395143 0 211 -211 221
9000005:addChannel = 1 0.2357492087296734 0 111 111 221
9000005:addChannel = 1 0.0003002566873718566 0 113 113
9000005:addChannel = 1 0.0003002566873718566 0 213 -213
