9000005:new = ALPGG void 1 0 0 2.47 1.e-8 2.47 2.47 0.
9000005:addChannel = 1 3.0248244837750483e-7 0 22 22
9000005:addChannel = 1 6.309579119362395e-9 0 11 -11 22
9000005:addChannel = 1 0.0002729093604812227 0 211 -211 22
9000005:addChannel = 1 0.034777948793892996 0 211 -211 221
9000005:addChannel = 1 0.01743645544497693 0 111 111 221
9000005:addChannel = 1 0.0014139907401022947 0 211 -211 331
9000005:addChannel = 1 0.0008368504774828311 0 111 111 331
9000005:addChannel = 1 0.0337596628832056 0 113 113
9000005:addChannel = 1 0.0337596628832056 0 213 -213
9000005:addChannel = 1 0.07046974003199763 0 321 -321 111
9000005:addChannel = 1 0.023735979736786962 0 313 -313
9000005:addChannel = 1 0.023736519677328632 0 323 -323
9000005:addChannel = 1 0.014699317855410867 0 223 223
9000005:addChannel = 1 0.005645033842216671 0 333 333
9000005:addChannel = 1 0.00023742699803551586 91 3 -3
9000005:addChannel = 1 0.7392181924828487 91 21 21
