9000005:new = ALPGG void 1 0 0 2.42 1.e-8 2.42 2.42 0.
9000005:addChannel = 1 3.082699786750808e-7 0 22 22
9000005:addChannel = 1 6.410772923520025e-9 0 11 -11 22
9000005:addChannel = 1 0.00031143654751053 0 211 -211 22
9000005:addChannel = 1 0.04006579252396203 0 211 -211 221
9000005:addChannel = 1 0.020089220780118388 0 111 111 221
9000005:addChannel = 1 0.0014319612574424545 0 211 -211 331
9000005:addChannel = 1 0.0008314378789052078 0 111 111 331
9000005:addChannel = 1 0.039465236306850636 0 113 113
9000005:addChannel = 1 0.039465236306850636 0 213 -213
9000005:addChannel = 1 0.07653798058544599 0 321 -321 111
9000005:addChannel = 1 0.027576137504299165 0 313 -313
9000005:addChannel = 1 0.027576790809313707 0 323 -323
9000005:addChannel = 1 0.017469632064977474 0 223 223
9000005:addChannel = 1 0.006119061026245506 0 333 333
9000005:addChannel = 1 0.00023420884185425278 91 3 -3
9000005:addChannel = 1 0.7028255528854723 91 21 21
