9000005:new = ALPGG void 1 0 0 2.37 1.e-8 2.37 2.37 0.
9000005:addChannel = 1 3.132133342230467e-7 0 22 22
9000005:addChannel = 1 6.4933171545698015e-9 0 11 -11 22
9000005:addChannel = 1 0.0003562252488341238 0 211 -211 22
9000005:addChannel = 1 0.044438491122755115 0 211 -211 221
9000005:addChannel = 1 0.022283393684758353 0 111 111 221
9000005:addChannel = 1 0.0013934685249163694 0 211 -211 331
9000005:addChannel = 1 0.0007907412055314602 0 111 111 331
9000005:addChannel = 1 0.04307034047249955 0 113 113
9000005:addChannel = 1 0.04307034047249955 0 213 -213
9000005:addChannel = 1 0.0753705235589741 0 321 -321 111
9000005:addChannel = 1 0.02963036186249867 0 313 -313
9000005:addChannel = 1 0.029631093394727796 0 323 -323
9000005:addChannel = 1 0.019726512181494727 0 223 223
9000005:addChannel = 1 0.006007038025949267 0 333 333
9000005:addChannel = 1 0.00023668768002760326 0 3 -3
9000005:addChannel = 1 0.6839944628578818 0 21 21
