9000005:new = ALPGG void 1 0 0 1.62 1.e-8 1.62 1.62 0.
9000005:addChannel = 1 1.133746002582957e-6 0 22 22
9000005:addChannel = 1 2.2167739835619145e-8 0 11 -11 22
9000005:addChannel = 1 0.0035097845479730226 0 211 -211 22
9000005:addChannel = 1 0.4633449527022226 0 211 -211 221
9000005:addChannel = 1 0.23220833721881312 0 111 111 221
9000005:addChannel = 1 0.007796917459750636 0 211 -211 331
9000005:addChannel = 1 0.0049028590404326 0 111 111 331
9000005:addChannel = 1 0.0967717591332463 0 113 113
9000005:addChannel = 1 0.0967717591332463 0 213 -213
9000005:addChannel = 1 0.06923901371260335 0 321 -321 111
9000005:addChannel = 1 0.00003891391538389942 0 313 -313
9000005:addChannel = 1 0.00003891581907623647 0 323 -323
9000005:addChannel = 1 0.025375631403509395 0 223 223
