9000005:new = ALPGG void 1 0 0 1.47 1.e-8 1.47 1.47 0.
9000005:addChannel = 1 2.845830561347679e-6 0 22 22
9000005:addChannel = 1 5.4786924625648924e-8 0 11 -11 22
9000005:addChannel = 1 0.004598755804594462 0 211 -211 22
9000005:addChannel = 1 0.5578962901772747 0 211 -211 221
9000005:addChannel = 1 0.27927929521071554 0 111 111 221
9000005:addChannel = 1 0.0044932212014905555 0 211 -211 331
9000005:addChannel = 1 0.0029151115529346665 0 111 111 331
9000005:addChannel = 1 0.030187614024970146 0 113 113
9000005:addChannel = 1 0.030187614024970146 0 213 -213
9000005:addChannel = 1 0.0904391973855637 0 321 -321 111
