663:new = darkPhoton void 1 0 0 1.82 10**-5 0. 0. 0. 
663:addChannel = 1 0.2331034383138441 0  11 -11
663:addChannel = 1 0.2330874788261481 0  13 -13
663:addChannel = 1 0.01200855672817644 0  211 -211
663:addChannel = 1 0.0890291961952098 0  211 -211 211 -211
663:addChannel = 1 0.1265961463138703 0  211 -211 111 111
663:addChannel = 1 0.011178692170538443 0  211 -211 111
663:addChannel = 1 2.203923078225984e-05 0  111 22
663:addChannel = 1 0.0032879239974168933 0  311 311
663:addChannel = 1 0.019288843313594692 0  311 311 111
