9000006:new = darkPhoton void 1 0 0 1.9200000000000002 1.e-5 0. 0. 0. 
9000006:addChannel = 1 0.2565830908700763 0  11 -11
9000006:addChannel = 1 0.25656891404744964 0  13 -13
9000006:addChannel = 1 0.010056774246652932 0  211 -211
9000006:addChannel = 1 0.07282597868165593 0  211 -211 211 -211
9000006:addChannel = 1 0.10131696509187003 0  211 -211 111 111
9000006:addChannel = 1 0.011002302180241005 0  211 -211 111
9000006:addChannel = 1 2.2101041115185554e-05 0  111 22
9000006:addChannel = 1 0.0034968426539229414 91 321 -321
9000006:addChannel = 1 0.0034968426539229414 91 130 310
9000006:addChannel = 1 0.004474809104774262 91 321 -321 111
9000006:addChannel = 1 0.004474809104774262 91 130 321 -111
9000006:addChannel = 1 0.004474809104774262 91 130 -321 111
9000007:new = darkPhoton void 1 0 0 1.9200000000000002 1.e-5 0. 0. 0. 
9000007:addChannel = 1 0.2565830908700763 0  11 -11
9000007:addChannel = 1 0.25656891404744964 0  13 -13
9000007:addChannel = 1 0.010056774246652932 0  211 -211
9000007:addChannel = 1 0.07282597868165593 0  211 -211 211 -211
9000007:addChannel = 1 0.10131696509187003 0  211 -211 111 111
9000007:addChannel = 1 0.011002302180241005 0  211 -211 111
9000007:addChannel = 1 2.2101041115185554e-05 0  111 22
9000007:addChannel = 1 0.0034968426539229414 91 321 -321
9000007:addChannel = 1 0.0034968426539229414 91 130 310
9000007:addChannel = 1 0.004474809104774262 91 321 -321 111
9000007:addChannel = 1 0.004474809104774262 91 130 321 -111
9000007:addChannel = 1 0.004474809104774262 91 130 -321 111
