9000006:new = darkPhoton void 1 0 0 0.8 1.e-5 0. 0. 0. 
9000006:addChannel = 1 0.1151500618355848 0  11 -11
9000006:addChannel = 1 0.11493473931017395 0  13 -13
9000006:addChannel = 1 0.6660394726638712 0  211 -211
9000006:addChannel = 1 0.0961495024913802 0  211 -211 111
9000006:addChannel = 1 0.00772622369898995 0  111 22
9000007:new = darkPhoton void 1 0 0 0.8 1.e-5 0. 0. 0. 
9000007:addChannel = 1 0.1151500618355848 0  11 -11
9000007:addChannel = 1 0.11493473931017395 0  13 -13
9000007:addChannel = 1 0.6660394726638712 0  211 -211
9000007:addChannel = 1 0.0961495024913802 0  211 -211 111
9000007:addChannel = 1 0.00772622369898995 0  111 22
