9000006:new = darkPhoton void 1 0 0 3.25 1.e-5 0. 0. 0. 
9000006:addChannel = 1 0.20360718649741513 0  11 -11
9000006:addChannel = 1 0.2036058198188032 0  13 -13
9000006:addChannel = 1 0.06782516713562269 91  1 -1
9000006:addChannel = 1 0.27130066854249074 91  2 -2
9000006:addChannel = 1 0.0676333303064503 91  3 -3
9000006:addChannel = 1 0.14889798800144813 91  4 -4
9000007:new = darkPhoton void 1 0 0 3.25 1.e-5 0. 0. 0. 
9000007:addChannel = 1 0.20360718649741513 0  11 -11
9000007:addChannel = 1 0.2036058198188032 0  13 -13
9000007:addChannel = 1 0.06782516713562269 91  1 -1
9000007:addChannel = 1 0.27130066854249074 91  2 -2
9000007:addChannel = 1 0.0676333303064503 91  3 -3
9000007:addChannel = 1 0.14889798800144813 91  4 -4
