9000006:new = darkPhoton void 1 0 0 1.36 1.e-5 0. 0. 0. 
9000006:addChannel = 1 0.2870069261559499 0  11 -11
9000006:addChannel = 1 0.286943676314355 0  13 -13
9000006:addChannel = 1 0.026396888019344335 0  211 -211
9000006:addChannel = 1 0.1425706905679852 0  211 -211 211 -211
9000006:addChannel = 1 0.16772397757629562 0  211 -211 111 111
9000006:addChannel = 1 0.028692690862497202 0  211 -211 111
9000006:addChannel = 1 5.215776869032702e-05 0  111 22
9000006:addChannel = 1 0.030306496367441153 0 321 -321
9000006:addChannel = 1 0.030306496367441153 0 130 310
9000007:new = darkPhoton void 1 0 0 1.36 1.e-5 0. 0. 0. 
9000007:addChannel = 1 0.2870069261559499 0  11 -11
9000007:addChannel = 1 0.286943676314355 0  13 -13
9000007:addChannel = 1 0.026396888019344335 0  211 -211
9000007:addChannel = 1 0.1425706905679852 0  211 -211 211 -211
9000007:addChannel = 1 0.16772397757629562 0  211 -211 111 111
9000007:addChannel = 1 0.028692690862497202 0  211 -211 111
9000007:addChannel = 1 5.215776869032702e-05 0  111 22
9000007:addChannel = 1 0.030306496367441153 0 321 -321
9000007:addChannel = 1 0.030306496367441153 0 130 310
