9000006:new = darkPhoton void 1 0 0 0.44 1.e-5 0. 0. 0. 
9000006:addChannel = 1 0.439523330267413 0  11 -11
9000006:addChannel = 1 0.42997609142223386 0  13 -13
9000006:addChannel = 1 0.1304812910579111 0  211 -211
9000006:addChannel = 1 6.664070314520464e-07 0  211 -211 111
9000006:addChannel = 1 1.8620845410312466e-05 0  111 22
9000007:new = darkPhoton void 1 0 0 0.44 1.e-5 0. 0. 0. 
9000007:addChannel = 1 0.439523330267413 0  11 -11
9000007:addChannel = 1 0.42997609142223386 0  13 -13
9000007:addChannel = 1 0.1304812910579111 0  211 -211
9000007:addChannel = 1 6.664070314520464e-07 0  211 -211 111
9000007:addChannel = 1 1.8620845410312466e-05 0  111 22
