9000006:new = darkPhoton void 1 0 0 1.4200000000000002 1.e-5 0. 0. 0. 
9000006:addChannel = 1 0.26845697471288144 0  11 -11
9000006:addChannel = 1 0.26840722970739667 0  13 -13
9000006:addChannel = 1 0.0124083498282053 0  211 -211
9000006:addChannel = 1 0.17751180538941663 0  211 -211 211 -211
9000006:addChannel = 1 0.18917089180119823 0  211 -211 111 111
9000006:addChannel = 1 0.023834198135786622 0  211 -211 111
9000006:addChannel = 1 4.316788153383566e-05 0  111 22
9000006:addChannel = 1 0.02737589999634883 91 321 -321
9000006:addChannel = 1 0.02737589999634883 91 130 310
9000006:addChannel = 1 0.0018051941836278536 91 321 -321 111
9000006:addChannel = 1 0.0018051941836278536 91 130 321 -111
9000006:addChannel = 1 0.0018051941836278536 91 130 -321 111
9000007:new = darkPhoton void 1 0 0 1.4200000000000002 1.e-5 0. 0. 0. 
9000007:addChannel = 1 0.26845697471288144 0  11 -11
9000007:addChannel = 1 0.26840722970739667 0  13 -13
9000007:addChannel = 1 0.0124083498282053 0  211 -211
9000007:addChannel = 1 0.17751180538941663 0  211 -211 211 -211
9000007:addChannel = 1 0.18917089180119823 0  211 -211 111 111
9000007:addChannel = 1 0.023834198135786622 0  211 -211 111
9000007:addChannel = 1 4.316788153383566e-05 0  111 22
9000007:addChannel = 1 0.02737589999634883 91 321 -321
9000007:addChannel = 1 0.02737589999634883 91 130 310
9000007:addChannel = 1 0.0018051941836278536 91 321 -321 111
9000007:addChannel = 1 0.0018051941836278536 91 130 321 -111
9000007:addChannel = 1 0.0018051941836278536 91 130 -321 111
