9000006:new = darkPhoton void 1 0 0 0.9 1.e-5 0. 0. 0. 
9000006:addChannel = 1 0.261365020601559 0  11 -11
9000006:addChannel = 1 0.2610614693978959 0  13 -13
9000006:addChannel = 1 0.45174330160801623 0  211 -211
9000006:addChannel = 1 0.0007438448486325008 0  211 -211 211 -211
9000006:addChannel = 1 0.0010215451830218303 0  211 -211 111 111
9000006:addChannel = 1 0.023528575748106156 0  211 -211 111
9000006:addChannel = 1 0.0005362426127685531 0  111 22
9000007:new = darkPhoton void 1 0 0 0.9 1.e-5 0. 0. 0. 
9000007:addChannel = 1 0.261365020601559 0  11 -11
9000007:addChannel = 1 0.2610614693978959 0  13 -13
9000007:addChannel = 1 0.45174330160801623 0  211 -211
9000007:addChannel = 1 0.0007438448486325008 0  211 -211 211 -211
9000007:addChannel = 1 0.0010215451830218303 0  211 -211 111 111
9000007:addChannel = 1 0.023528575748106156 0  211 -211 111
9000007:addChannel = 1 0.0005362426127685531 0  111 22
