9000006:new = darkPhoton void 1 0 0 1.06 1.e-5 0. 0. 0. 
9000006:addChannel = 1 0.3132024706961787 0  11 -11
9000006:addChannel = 1 0.3130144344775604 0  13 -13
9000006:addChannel = 1 0.14663513273058446 0  211 -211
9000006:addChannel = 1 0.009051864605593193 0  211 -211 211 -211
9000006:addChannel = 1 0.040760169536413905 0  211 -211 111 111
9000006:addChannel = 1 0.00819932748035792 0  211 -211 111
9000006:addChannel = 1 0.0001576034832543682 0  111 22
9000006:addChannel = 1 0.08448949849502856 91 321 -321
9000006:addChannel = 1 0.08448949849502856 91 130 310
9000007:new = darkPhoton void 1 0 0 1.06 1.e-5 0. 0. 0. 
9000007:addChannel = 1 0.3132024706961787 0  11 -11
9000007:addChannel = 1 0.3130144344775604 0  13 -13
9000007:addChannel = 1 0.14663513273058446 0  211 -211
9000007:addChannel = 1 0.009051864605593193 0  211 -211 211 -211
9000007:addChannel = 1 0.040760169536413905 0  211 -211 111 111
9000007:addChannel = 1 0.00819932748035792 0  211 -211 111
9000007:addChannel = 1 0.0001576034832543682 0  111 22
9000007:addChannel = 1 0.08448949849502856 91 321 -321
9000007:addChannel = 1 0.08448949849502856 91 130 310
