9000006:new = darkPhoton void 1 0 0 3.75 1.e-5 0. 0. 0. 
9000006:addChannel = 1 0.1812421230159957 0  11 -11
9000006:addChannel = 1 0.18124143691502792 0  13 -13
9000006:addChannel = 1 0.08386773696328644 0  15 -15
9000006:addChannel = 1 0.060392074547583725 91  1 -1
9000006:addChannel = 1 0.2415682981903349 91  2 -2
9000006:addChannel = 1 0.06029664846287941 91  3 -3
9000006:addChannel = 1 0.19139168190489184 91  4 -4
9000007:new = darkPhoton void 1 0 0 3.75 1.e-5 0. 0. 0. 
9000007:addChannel = 1 0.1812421230159957 0  11 -11
9000007:addChannel = 1 0.18124143691502792 0  13 -13
9000007:addChannel = 1 0.08386773696328644 0  15 -15
9000007:addChannel = 1 0.060392074547583725 91  1 -1
9000007:addChannel = 1 0.2415682981903349 91  2 -2
9000007:addChannel = 1 0.06029664846287941 91  3 -3
9000007:addChannel = 1 0.19139168190489184 91  4 -4
