9000006:new = darkPhoton void 1 0 0 1.72 1.e-5 0. 0. 0. 
9000006:addChannel = 1 0.2706261707673056 0  11 -11
9000006:addChannel = 1 0.2706029301301381 0  13 -13
9000006:addChannel = 1 0.009325507218471018 0  211 -211
9000006:addChannel = 1 0.15019752477586165 0  211 -211 211 -211
9000006:addChannel = 1 0.19597394156115355 0  211 -211 111 111
9000006:addChannel = 1 0.02131210241231223 0  211 -211 111
9000006:addChannel = 1 2.839680409861471e-05 0  111 22
9000006:addChannel = 1 0.007997679911601172 0 321 -321
9000006:addChannel = 1 0.007997679911601172 0 130 310
9000006:addChannel = 1 0.01722327847936469 0 321 -321 111
9000006:addChannel = 1 0.024357394014046203 0 130 321 -111
9000006:addChannel = 1 0.024357394014046203 0 130 -321 111
9000007:new = darkPhoton void 1 0 0 1.72 1.e-5 0. 0. 0. 
9000007:addChannel = 1 0.2706261707673056 0  11 -11
9000007:addChannel = 1 0.2706029301301381 0  13 -13
9000007:addChannel = 1 0.009325507218471018 0  211 -211
9000007:addChannel = 1 0.15019752477586165 0  211 -211 211 -211
9000007:addChannel = 1 0.19597394156115355 0  211 -211 111 111
9000007:addChannel = 1 0.02131210241231223 0  211 -211 111
9000007:addChannel = 1 2.839680409861471e-05 0  111 22
9000007:addChannel = 1 0.007997679911601172 0 321 -321
9000007:addChannel = 1 0.007997679911601172 0 130 310
9000007:addChannel = 1 0.01722327847936469 0 321 -321 111
9000007:addChannel = 1 0.024357394014046203 0 130 321 -111
9000007:addChannel = 1 0.024357394014046203 0 130 -321 111
