9000006:new = darkPhoton void 1 0 0 0.98 1.e-5 0. 0. 0. 
9000006:addChannel = 1 0.3308572341562963 0  11 -11
9000006:addChannel = 1 0.33058472037938225 0  13 -13
9000006:addChannel = 1 0.2647883530677429 0  211 -211
9000006:addChannel = 1 0.003037269409556147 0  211 -211 211 -211
9000006:addChannel = 1 0.013190285354114914 0  211 -211 111 111
9000006:addChannel = 1 0.05725848380034819 0  211 -211 111
9000006:addChannel = 1 0.0002836538325593433 0  111 22
9000007:new = darkPhoton void 1 0 0 0.98 1.e-5 0. 0. 0. 
9000007:addChannel = 1 0.3308572341562963 0  11 -11
9000007:addChannel = 1 0.33058472037938225 0  13 -13
9000007:addChannel = 1 0.2647883530677429 0  211 -211
9000007:addChannel = 1 0.003037269409556147 0  211 -211 211 -211
9000007:addChannel = 1 0.013190285354114914 0  211 -211 111 111
9000007:addChannel = 1 0.05725848380034819 0  211 -211 111
9000007:addChannel = 1 0.0002836538325593433 0  111 22
