663:new = darkPhoton void 1 0 0 1.6800000000000002 1.e-5 0. 0. 0. 
663:addChannel = 1 0.21618204902830349 0  11 -11
663:addChannel = 1 0.2161616466343871 0  13 -13
663:addChannel = 1 0.004447513294659534 0  211 -211
663:addChannel = 1 0.13626603096401746 0  211 -211 211 -211
663:addChannel = 1 0.1656732750933392 0  211 -211 111 111
663:addChannel = 1 0.024968712982617148 0  211 -211 111
663:addChannel = 1 2.373678898330894e-05 0  111 22
663:addChannel = 1 0.020543347755062613 0  311 311
663:addChannel = 1 0.06175672594591866 0  311 311 111
