9000006:new = darkPhoton void 1 0 0 1.9000000000000001 1.e-5 0. 0. 0. 
9000006:addChannel = 1 0.25834700179085907 0  11 -11
9000006:addChannel = 1 0.25833211564442987 0  13 -13
9000006:addChannel = 1 0.011096262073919526 0  211 -211
9000006:addChannel = 1 0.07602377221699845 0  211 -211 211 -211
9000006:addChannel = 1 0.10677481584016535 0  211 -211 111 111
9000006:addChannel = 1 0.011887804218990519 0  211 -211 111
9000006:addChannel = 1 2.2653931893037555e-05 0  111 22
9000006:addChannel = 1 0.0033430102031738232 91 321 -321
9000006:addChannel = 1 0.0033430102031738232 91 130 310
9000006:addChannel = 1 0.004590567874821921 91 321 -321 111
9000006:addChannel = 1 0.004590567874821921 91 130 321 -111
9000006:addChannel = 1 0.004590567874821921 91 130 -321 111
9000007:new = darkPhoton void 1 0 0 1.9000000000000001 1.e-5 0. 0. 0. 
9000007:addChannel = 1 0.25834700179085907 0  11 -11
9000007:addChannel = 1 0.25833211564442987 0  13 -13
9000007:addChannel = 1 0.011096262073919526 0  211 -211
9000007:addChannel = 1 0.07602377221699845 0  211 -211 211 -211
9000007:addChannel = 1 0.10677481584016535 0  211 -211 111 111
9000007:addChannel = 1 0.011887804218990519 0  211 -211 111
9000007:addChannel = 1 2.2653931893037555e-05 0  111 22
9000007:addChannel = 1 0.0033430102031738232 91 321 -321
9000007:addChannel = 1 0.0033430102031738232 91 130 310
9000007:addChannel = 1 0.004590567874821921 91 321 -321 111
9000007:addChannel = 1 0.004590567874821921 91 130 321 -111
9000007:addChannel = 1 0.004590567874821921 91 130 -321 111
