9000006:new = darkPhoton void 1 0 0 0.9600000000000001 1.e-5 0. 0. 0. 
9000006:addChannel = 1 0.32181781026447276 0  11 -11
9000006:addChannel = 1 0.32152975768908243 0  13 -13
9000006:addChannel = 1 0.3048901934447081 0  211 -211
9000006:addChannel = 1 0.0021954411016252952 0  211 -211 211 -211
9000006:addChannel = 1 0.008430339357692211 0  211 -211 111 111
9000006:addChannel = 1 0.040808139612387204 0  211 -211 111
9000006:addChannel = 1 0.0003283185300319729 0  111 22
9000007:new = darkPhoton void 1 0 0 0.9600000000000001 1.e-5 0. 0. 0. 
9000007:addChannel = 1 0.32181781026447276 0  11 -11
9000007:addChannel = 1 0.32152975768908243 0  13 -13
9000007:addChannel = 1 0.3048901934447081 0  211 -211
9000007:addChannel = 1 0.0021954411016252952 0  211 -211 211 -211
9000007:addChannel = 1 0.008430339357692211 0  211 -211 111 111
9000007:addChannel = 1 0.040808139612387204 0  211 -211 111
9000007:addChannel = 1 0.0003283185300319729 0  111 22
