9000006:new = darkPhoton void 1 0 0 1.94 1.e-5 0. 0. 0. 
9000006:addChannel = 1 0.250082142885747 0  11 -11
9000006:addChannel = 1 0.2500688874126021 0  13 -13
9000006:addChannel = 1 0.008763628533145483 0  211 -211
9000006:addChannel = 1 0.06978292115084085 0  211 -211 211 -211
9000006:addChannel = 1 0.09625661679672678 0  211 -211 111 111
9000006:addChannel = 1 0.009380958303516112 0  211 -211 111
9000006:addChannel = 1 2.1167452738136005e-05 0  111 22
9000006:addChannel = 1 0.003505026273615288 0 321 -321
9000006:addChannel = 1 0.003505026273615288 0 130 310
9000006:addChannel = 1 0.0030302419631655793 0 321 -321 111
9000006:addChannel = 1 0.0042854092815808355 0 130 321 -111
9000006:addChannel = 1 0.0042854092815808355 0 130 -321 111
9000007:new = darkPhoton void 1 0 0 1.94 1.e-5 0. 0. 0. 
9000007:addChannel = 1 0.250082142885747 0  11 -11
9000007:addChannel = 1 0.2500688874126021 0  13 -13
9000007:addChannel = 1 0.008763628533145483 0  211 -211
9000007:addChannel = 1 0.06978292115084085 0  211 -211 211 -211
9000007:addChannel = 1 0.09625661679672678 0  211 -211 111 111
9000007:addChannel = 1 0.009380958303516112 0  211 -211 111
9000007:addChannel = 1 2.1167452738136005e-05 0  111 22
9000007:addChannel = 1 0.003505026273615288 0 321 -321
9000007:addChannel = 1 0.003505026273615288 0 130 310
9000007:addChannel = 1 0.0030302419631655793 0 321 -321 111
9000007:addChannel = 1 0.0042854092815808355 0 130 321 -111
9000007:addChannel = 1 0.0042854092815808355 0 130 -321 111
