9000006:new = darkPhoton void 1 0 0 1.1 1.e-5 0. 0. 0. 
9000006:addChannel = 1 0.32934891780482334 0  11 -11
9000006:addChannel = 1 0.329178583714174 0  13 -13
9000006:addChannel = 1 0.12551487257545327 0  211 -211
9000006:addChannel = 1 0.01713767093797877 0  211 -211 211 -211
9000006:addChannel = 1 0.05977682858159213 0  211 -211 111 111
9000006:addChannel = 1 0.019637198679875612 0  211 -211 111
9000006:addChannel = 1 0.00013551061223083242 0  111 22
9000006:addChannel = 1 0.05963520854693602 91 321 -321
9000006:addChannel = 1 0.05963520854693602 91 130 310
9000007:new = darkPhoton void 1 0 0 1.1 1.e-5 0. 0. 0. 
9000007:addChannel = 1 0.32934891780482334 0  11 -11
9000007:addChannel = 1 0.329178583714174 0  13 -13
9000007:addChannel = 1 0.12551487257545327 0  211 -211
9000007:addChannel = 1 0.01713767093797877 0  211 -211 211 -211
9000007:addChannel = 1 0.05977682858159213 0  211 -211 111 111
9000007:addChannel = 1 0.019637198679875612 0  211 -211 111
9000007:addChannel = 1 0.00013551061223083242 0  111 22
9000007:addChannel = 1 0.05963520854693602 91 321 -321
9000007:addChannel = 1 0.05963520854693602 91 130 310
