9000006:new = darkPhoton void 1 0 0 1.46 1.e-5 0. 0. 0. 
9000006:addChannel = 1 0.2577770614447755 0  11 -11
9000006:addChannel = 1 0.25773433618254205 0  13 -13
9000006:addChannel = 1 0.00562856213664718 0  211 -211
9000006:addChannel = 1 0.194747992150931 0  211 -211 211 -211
9000006:addChannel = 1 0.20077739761812483 0  211 -211 111 111
9000006:addChannel = 1 0.0226615810260575 0  211 -211 111
9000006:addChannel = 1 3.849127081493734e-05 0  111 22
9000006:addChannel = 1 0.024554553987924305 0 321 -321
9000006:addChannel = 1 0.024554553987924305 0 130 310
9000006:addChannel = 1 0.0030104974755193986 0 321 -321 111
9000006:addChannel = 1 0.004257486359369498 0 130 321 -211
9000006:addChannel = 1 0.004257486359369498 0 130 -321 211
9000007:new = darkPhoton void 1 0 0 1.46 1.e-5 0. 0. 0. 
9000007:addChannel = 1 0.2577770614447755 0  11 -11
9000007:addChannel = 1 0.25773433618254205 0  13 -13
9000007:addChannel = 1 0.00562856213664718 0  211 -211
9000007:addChannel = 1 0.194747992150931 0  211 -211 211 -211
9000007:addChannel = 1 0.20077739761812483 0  211 -211 111 111
9000007:addChannel = 1 0.0226615810260575 0  211 -211 111
9000007:addChannel = 1 3.849127081493734e-05 0  111 22
9000007:addChannel = 1 0.024554553987924305 0 321 -321
9000007:addChannel = 1 0.024554553987924305 0 130 310
9000007:addChannel = 1 0.0030104974755193986 0 321 -321 111
9000007:addChannel = 1 0.004257486359369498 0 130 321 -211
9000007:addChannel = 1 0.004257486359369498 0 130 -321 211
