663:new = darkPhoton void 1 0 0 1.8800000000000001 1.e-5 0. 0. 0. 
663:addChannel = 1 0.25546046040870857 0  11 -11
663:addChannel = 1 0.25544510277711446 0  13 -13
663:addChannel = 1 0.011797930443055767 0  211 -211
663:addChannel = 1 0.0791493144484327 0  211 -211 211 -211
663:addChannel = 1 0.11208838621353263 0  211 -211 111 111
663:addChannel = 1 0.012107784821997014 0  211 -211 111
663:addChannel = 1 2.2812874574958828e-05 0  111 22
663:addChannel = 1 0.006085068166935645 0  311 311
663:addChannel = 1 0.012617703060507359 0  311 311 111
