663:new = darkPhoton void 1 0 0 1.5 10**-5 0. 0. 0. 
663:addChannel = 1 0.23587002648837696 0  11 -11
663:addChannel = 1 0.23583495151116177 0  13 -13
663:addChannel = 1 0.0017618783368603722 0  211 -211
663:addChannel = 1 0.19200291896208416 0  211 -211 211 -211
663:addChannel = 1 0.19485694628259376 0  211 -211 111 111
663:addChannel = 1 0.027351426945387523 0  211 -211 111
663:addChannel = 1 3.285905339009845e-05 0  111 22
663:addChannel = 1 0.04281512720817365 0  311 311
663:addChannel = 1 0.010867239730399872 0  311 311 111
