663:new = darkPhoton void 1 0 0 1.48 1.e-5 0. 0. 0. 
663:addChannel = 1 0.25351432559938497 0  11 -11
663:addChannel = 1 0.25347454010430465 0  13 -13
663:addChannel = 1 0.003334220410283396 0  211 -211
663:addChannel = 1 0.2004106798160989 0  211 -211 211 -211
663:addChannel = 1 0.20462915819407307 0  211 -211 111 111
663:addChannel = 1 0.026695071161333794 0  211 -211 111
663:addChannel = 1 3.654409003515446e-05 0  111 22
663:addChannel = 1 0.047054793974505855 0  311 311
663:addChannel = 1 0.010850666649980202 0  311 311 111
