9000006:new = darkPhoton void 1 0 0 1.6400000000000001 1.e-5 0. 0. 0. 
9000006:addChannel = 1 0.24536160347394753 0  11 -11
9000006:addChannel = 1 0.245336097353845 0  13 -13
9000006:addChannel = 1 0.0022470706369352453 0  211 -211
9000006:addChannel = 1 0.17225856733492925 0  211 -211 211 -211
9000006:addChannel = 1 0.19337684054593315 0  211 -211 111 111
9000006:addChannel = 1 0.03974070120169413 0  211 -211 111
9000006:addChannel = 1 2.8260749488130867e-05 0  111 22
9000006:addChannel = 1 0.02013805360512534 0 321 -321
9000006:addChannel = 1 0.02013805360512534 0 130 310
9000006:addChannel = 1 0.016031322914902196 0 321 -321 111
9000006:addChannel = 1 0.022671714289037265 0 130 321 -111
9000006:addChannel = 1 0.022671714289037265 0 130 -321 111
9000007:new = darkPhoton void 1 0 0 1.6400000000000001 1.e-5 0. 0. 0. 
9000007:addChannel = 1 0.24536160347394753 0  11 -11
9000007:addChannel = 1 0.245336097353845 0  13 -13
9000007:addChannel = 1 0.0022470706369352453 0  211 -211
9000007:addChannel = 1 0.17225856733492925 0  211 -211 211 -211
9000007:addChannel = 1 0.19337684054593315 0  211 -211 111 111
9000007:addChannel = 1 0.03974070120169413 0  211 -211 111
9000007:addChannel = 1 2.8260749488130867e-05 0  111 22
9000007:addChannel = 1 0.02013805360512534 0 321 -321
9000007:addChannel = 1 0.02013805360512534 0 130 310
9000007:addChannel = 1 0.016031322914902196 0 321 -321 111
9000007:addChannel = 1 0.022671714289037265 0 130 321 -111
9000007:addChannel = 1 0.022671714289037265 0 130 -321 111
