9000006:new = darkPhoton void 1 0 0 0.68 1.e-5 0. 0. 0. 
9000006:addChannel = 1 0.17531710750342688 0  11 -11
9000006:addChannel = 1 0.17468304994945555 0  13 -13
9000006:addChannel = 1 0.6487784880284228 0  211 -211
9000006:addChannel = 1 0.0009627091899944972 0  211 -211 111
9000006:addChannel = 1 0.0002586453287003005 0  111 22
9000007:new = darkPhoton void 1 0 0 0.68 1.e-5 0. 0. 0. 
9000007:addChannel = 1 0.17531710750342688 0  11 -11
9000007:addChannel = 1 0.17468304994945555 0  13 -13
9000007:addChannel = 1 0.6487784880284228 0  211 -211
9000007:addChannel = 1 0.0009627091899944972 0  211 -211 111
9000007:addChannel = 1 0.0002586453287003005 0  111 22
