9000006:new = darkPhoton void 1 0 0 5.0 1.e-5 0. 0. 0. 
9000006:addChannel = 1 0.1628820629884295 0  11 -11
9000006:addChannel = 1 0.16288186798345597 0  13 -13
9000006:addChannel = 1 0.14352182830204221 0  15 -15
9000006:addChannel = 1 0.05428780345092731 91  1 -1
9000006:addChannel = 1 0.21715121380370925 91  2 -2
9000006:addChannel = 1 0.05426100018999897 91  3 -3
9000006:addChannel = 1 0.20501422328143673 91  4 -4
9000007:new = darkPhoton void 1 0 0 5.0 1.e-5 0. 0. 0. 
9000007:addChannel = 1 0.1628820629884295 0  11 -11
9000007:addChannel = 1 0.16288186798345597 0  13 -13
9000007:addChannel = 1 0.14352182830204221 0  15 -15
9000007:addChannel = 1 0.05428780345092731 91  1 -1
9000007:addChannel = 1 0.21715121380370925 91  2 -2
9000007:addChannel = 1 0.05426100018999897 91  3 -3
9000007:addChannel = 1 0.20501422328143673 91  4 -4
