663:new = darkPhoton void 1 0 0 1.56 10**-5 0. 0. 0. 
663:addChannel = 1 0.23662440048317948 0  11 -11
663:addChannel = 1 0.2365943375939537 0  13 -13
663:addChannel = 1 0.0006562541123000952 0  211 -211
663:addChannel = 1 0.1917012580514611 0  211 -211 211 -211
663:addChannel = 1 0.19539259869899891 0  211 -211 111 111
663:addChannel = 1 0.03957867746758913 0  211 -211 111
663:addChannel = 1 3.023586589374276e-05 0  111 22
663:addChannel = 1 0.04199136610974793 0  311 311
663:addChannel = 1 0.03391300907725162 0  311 311 111
