9000006:new = darkPhoton void 1 0 0 0.88 1.e-5 0. 0. 0. 
9000006:addChannel = 1 0.23388557988841194 0  11 -11
9000006:addChannel = 1 0.23358813165310993 0  13 -13
9000006:addChannel = 1 0.5086777476996541 0  211 -211
9000006:addChannel = 1 0.000511788425912172 0  211 -211 211 -211
9000006:addChannel = 1 0.00025601115574603033 0  211 -211 111 111
9000006:addChannel = 1 0.0224153600909408 0  211 -211 111
9000006:addChannel = 1 0.0006653810862249969 0  111 22
9000007:new = darkPhoton void 1 0 0 0.88 1.e-5 0. 0. 0. 
9000007:addChannel = 1 0.23388557988841194 0  11 -11
9000007:addChannel = 1 0.23358813165310993 0  13 -13
9000007:addChannel = 1 0.5086777476996541 0  211 -211
9000007:addChannel = 1 0.000511788425912172 0  211 -211 211 -211
9000007:addChannel = 1 0.00025601115574603033 0  211 -211 111 111
9000007:addChannel = 1 0.0224153600909408 0  211 -211 111
9000007:addChannel = 1 0.0006653810862249969 0  111 22
