9000006:new = darkPhoton void 1 0 0 2.14 1.e-5 0. 0. 0. 
9000006:addChannel = 1 0.23922937455112925 0  11 -11
9000006:addChannel = 1 0.2392208165925065 0  13 -13
9000006:addChannel = 1 0.07946350812994075 91  1 -1
9000006:addChannel = 1 0.317854032519763 91  2 -2
9000006:addChannel = 1 0.07819854893579202 91  3 -3
9000007:new = darkPhoton void 1 0 0 2.14 1.e-5 0. 0. 0. 
9000007:addChannel = 1 0.23922937455112925 0  11 -11
9000007:addChannel = 1 0.2392208165925065 0  13 -13
9000007:addChannel = 1 0.07946350812994075 91  1 -1
9000007:addChannel = 1 0.317854032519763 91  2 -2
9000007:addChannel = 1 0.07819854893579202 91  3 -3
