9000006:new = darkPhoton void 1 0 0 2.1 1.e-5 0. 0. 0. 
9000006:addChannel = 1 0.23922953532894248 0  11 -11
9000006:addChannel = 1 0.23922030529905083 0  13 -13
9000006:addChannel = 1 0.07944124222575626 91  1 -1
9000006:addChannel = 1 0.317764968903025 91  2 -2
9000006:addChannel = 1 0.07807182642023396 91  3 -3
9000007:new = darkPhoton void 1 0 0 2.1 1.e-5 0. 0. 0. 
9000007:addChannel = 1 0.23922953532894248 0  11 -11
9000007:addChannel = 1 0.23922030529905083 0  13 -13
9000007:addChannel = 1 0.07944124222575626 91  1 -1
9000007:addChannel = 1 0.317764968903025 91  2 -2
9000007:addChannel = 1 0.07807182642023396 91  3 -3
