9000006:new = darkPhoton void 1 0 0 2.75 1.e-5 0. 0. 0. 
9000006:addChannel = 1 0.25027641160497804 0  11 -11
9000006:addChannel = 1 0.25027313261829537 0  13 -13
9000006:addChannel = 1 0.08331961588762443 91  1 -1
9000006:addChannel = 1 0.3332784635504977 91  2 -2
9000006:addChannel = 1 0.08285237633860444 91  3 -3
9000007:new = darkPhoton void 1 0 0 2.75 1.e-5 0. 0. 0. 
9000007:addChannel = 1 0.25027641160497804 0  11 -11
9000007:addChannel = 1 0.25027313261829537 0  13 -13
9000007:addChannel = 1 0.08331961588762443 91  1 -1
9000007:addChannel = 1 0.3332784635504977 91  2 -2
9000007:addChannel = 1 0.08285237633860444 91  3 -3
