9000006:new = darkPhoton void 1 0 0 0.4 1.e-5 0. 0. 0. 
9000006:addChannel = 1 0.46115048027683536 0  11 -11
9000006:addChannel = 1 0.4461834579972192 0  13 -13
9000006:addChannel = 1 0.09265435449870243 0  211 -211
9000006:addChannel = 1 1.1707227242975107e-05 0  111 22
9000007:new = darkPhoton void 1 0 0 0.4 1.e-5 0. 0. 0. 
9000007:addChannel = 1 0.46115048027683536 0  11 -11
9000007:addChannel = 1 0.4461834579972192 0  13 -13
9000007:addChannel = 1 0.09265435449870243 0  211 -211
9000007:addChannel = 1 1.1707227242975107e-05 0  111 22
