9000006:new = darkPhoton void 1 0 0 1.6600000000000001 1.e-5 0. 0. 0. 
9000006:addChannel = 1 0.21465224510244596 0  11 -11
9000006:addChannel = 1 0.2146309902571734 0  13 -13
9000006:addChannel = 1 0.003072317584151488 0  211 -211
9000006:addChannel = 1 0.1431730474833391 0  211 -211 211 -211
9000006:addChannel = 1 0.16718619414295105 0  211 -211 111 111
9000006:addChannel = 1 0.02984689454176557 0  211 -211 111
9000006:addChannel = 1 2.4131205394418267e-05 0  111 22
9000006:addChannel = 1 0.01393737027450252 91 321 -321
9000006:addChannel = 1 0.01393737027450252 91 130 310
9000006:addChannel = 1 0.019206367384284245 91 321 -321 111
9000006:addChannel = 1 0.019206367384284245 91 130 321 -111
9000006:addChannel = 1 0.019206367384284245 91 130 -321 111
9000007:new = darkPhoton void 1 0 0 1.6600000000000001 1.e-5 0. 0. 0. 
9000007:addChannel = 1 0.21465224510244596 0  11 -11
9000007:addChannel = 1 0.2146309902571734 0  13 -13
9000007:addChannel = 1 0.003072317584151488 0  211 -211
9000007:addChannel = 1 0.1431730474833391 0  211 -211 211 -211
9000007:addChannel = 1 0.16718619414295105 0  211 -211 111 111
9000007:addChannel = 1 0.02984689454176557 0  211 -211 111
9000007:addChannel = 1 2.4131205394418267e-05 0  111 22
9000007:addChannel = 1 0.01393737027450252 91 321 -321
9000007:addChannel = 1 0.01393737027450252 91 130 310
9000007:addChannel = 1 0.019206367384284245 91 321 -321 111
9000007:addChannel = 1 0.019206367384284245 91 130 321 -111
9000007:addChannel = 1 0.019206367384284245 91 130 -321 111
