9000006:new = darkPhoton void 1 0 0 15.0 1.e-5 0. 0. 0. 
9000006:addChannel = 1 0.14662709095500512 0  11 -11
9000006:addChannel = 1 0.1466270887889396 0  13 -13
9000006:addChannel = 1 0.14645053363611796 0  15 -15
9000006:addChannel = 1 0.04887562824406956 91  1 -1
9000006:addChannel = 1 0.19550251297627824 91  2 -2
9000006:addChannel = 1 0.048875334405098114 91  3 -3
9000006:addChannel = 1 0.1953838860877811 91  4 -4
9000006:addChannel = 1 0.04524609436214867 91  5 -5
9000007:new = darkPhoton void 1 0 0 15.0 1.e-5 0. 0. 0. 
9000007:addChannel = 1 0.14662709095500512 0  11 -11
9000007:addChannel = 1 0.1466270887889396 0  13 -13
9000007:addChannel = 1 0.14645053363611796 0  15 -15
9000007:addChannel = 1 0.04887562824406956 91  1 -1
9000007:addChannel = 1 0.19550251297627824 91  2 -2
9000007:addChannel = 1 0.048875334405098114 91  3 -3
9000007:addChannel = 1 0.1953838860877811 91  4 -4
9000007:addChannel = 1 0.04524609436214867 91  5 -5
