9000006:new = darkPhoton void 1 0 0 1.74 1.e-5 0. 0. 0. 
9000006:addChannel = 1 0.21769881959082354 0  11 -11
9000006:addChannel = 1 0.21768097113848883 0  13 -13
9000006:addChannel = 1 0.008891472888548402 0  211 -211
9000006:addChannel = 1 0.1126765550438235 0  211 -211 211 -211
9000006:addChannel = 1 0.15105685693768742 0  211 -211 111 111
9000006:addChannel = 1 0.014570472275009396 0  211 -211 111
9000006:addChannel = 1 2.2348960819194945e-05 0  111 22
9000006:addChannel = 1 0.0049630976890318165 0 321 -321
9000006:addChannel = 1 0.0049630976890318165 0 130 310
9000006:addChannel = 1 0.01076658720624362 0 321 -321 111
9000006:addChannel = 1 0.01522625364754238 0 130 321 -111
9000006:addChannel = 1 0.01522625364754238 0 130 -321 111
9000007:new = darkPhoton void 1 0 0 1.74 1.e-5 0. 0. 0. 
9000007:addChannel = 1 0.21769881959082354 0  11 -11
9000007:addChannel = 1 0.21768097113848883 0  13 -13
9000007:addChannel = 1 0.008891472888548402 0  211 -211
9000007:addChannel = 1 0.1126765550438235 0  211 -211 211 -211
9000007:addChannel = 1 0.15105685693768742 0  211 -211 111 111
9000007:addChannel = 1 0.014570472275009396 0  211 -211 111
9000007:addChannel = 1 2.2348960819194945e-05 0  111 22
9000007:addChannel = 1 0.0049630976890318165 0 321 -321
9000007:addChannel = 1 0.0049630976890318165 0 130 310
9000007:addChannel = 1 0.01076658720624362 0 321 -321 111
9000007:addChannel = 1 0.01522625364754238 0 130 321 -111
9000007:addChannel = 1 0.01522625364754238 0 130 -321 111
