663:new = darkPhoton void 1 0 0 1.76 10**-5 0. 0. 0. 
663:addChannel = 1 0.21836698958383907 0  11 -11
663:addChannel = 1 0.21834988828949833 0  13 -13
663:addChannel = 1 0.010032434602450742 0  211 -211
663:addChannel = 1 0.1050388893296227 0  211 -211 211 -211
663:addChannel = 1 0.14394970320356862 0  211 -211 111 111
663:addChannel = 1 0.012773062825609197 0  211 -211 111
663:addChannel = 1 2.194588245317676e-05 0  111 22
663:addChannel = 1 0.006408634410306781 0  311 311
663:addChannel = 1 0.03203662104184639 0  311 311 111
