9000006:new = darkPhoton void 1 0 0 0.7200000000000001 1.e-5 0. 0. 0. 
9000006:addChannel = 1 0.11851406292142587 0  11 -11
9000006:addChannel = 1 0.11817431938471215 0  13 -13
9000006:addChannel = 1 0.7599121714533406 0  211 -211
9000006:addChannel = 1 0.0028635374993962424 0  211 -211 111
9000006:addChannel = 1 0.0005359087411252135 0  111 22
9000007:new = darkPhoton void 1 0 0 0.7200000000000001 1.e-5 0. 0. 0. 
9000007:addChannel = 1 0.11851406292142587 0  11 -11
9000007:addChannel = 1 0.11817431938471215 0  13 -13
9000007:addChannel = 1 0.7599121714533406 0  211 -211
9000007:addChannel = 1 0.0028635374993962424 0  211 -211 111
9000007:addChannel = 1 0.0005359087411252135 0  111 22
