9000006:new = darkPhoton void 1 0 0 1.78 1.e-5 0. 0. 0. 
9000006:addChannel = 1 0.30206344549016323 0  11 -11
9000006:addChannel = 1 0.30204083741121246 0  13 -13
9000006:addChannel = 1 0.014916195001750359 0  211 -211
9000006:addChannel = 1 0.1346840490751595 0  211 -211 211 -211
9000006:addChannel = 1 0.1877535758133284 0  211 -211 111 111
9000006:addChannel = 1 0.01595414480901681 0  211 -211 111
9000006:addChannel = 1 2.9731500812707e-05 0  111 22
9000006:addChannel = 1 0.0026235720558049195 0 321 -321
9000006:addChannel = 1 0.0026235720558049195 0 130 310
9000006:addChannel = 1 0.009745745595045133 0 321 -321 111
9000006:addChannel = 1 0.013782565595950678 0 130 321 -211
9000006:addChannel = 1 0.013782565595950678 0 130 -321 211
9000007:new = darkPhoton void 1 0 0 1.78 1.e-5 0. 0. 0. 
9000007:addChannel = 1 0.30206344549016323 0  11 -11
9000007:addChannel = 1 0.30204083741121246 0  13 -13
9000007:addChannel = 1 0.014916195001750359 0  211 -211
9000007:addChannel = 1 0.1346840490751595 0  211 -211 211 -211
9000007:addChannel = 1 0.1877535758133284 0  211 -211 111 111
9000007:addChannel = 1 0.01595414480901681 0  211 -211 111
9000007:addChannel = 1 2.9731500812707e-05 0  111 22
9000007:addChannel = 1 0.0026235720558049195 0 321 -321
9000007:addChannel = 1 0.0026235720558049195 0 130 310
9000007:addChannel = 1 0.009745745595045133 0 321 -321 111
9000007:addChannel = 1 0.013782565595950678 0 130 321 -211
9000007:addChannel = 1 0.013782565595950678 0 130 -321 211
