9000006:new = darkPhoton void 1 0 0 0.42000000000000004 1.e-5 0. 0. 0. 
9000006:addChannel = 1 0.45044561074472517 0  11 -11
9000006:addChannel = 1 0.4385497760606235 0  13 -13
9000006:addChannel = 1 0.1109897984889596 0  211 -211
9000006:addChannel = 1 4.0033085551082704e-22 0  211 -211 111
9000006:addChannel = 1 1.4814705691978053e-05 0  111 22
9000007:new = darkPhoton void 1 0 0 0.42000000000000004 1.e-5 0. 0. 0. 
9000007:addChannel = 1 0.45044561074472517 0  11 -11
9000007:addChannel = 1 0.4385497760606235 0  13 -13
9000007:addChannel = 1 0.1109897984889596 0  211 -211
9000007:addChannel = 1 4.0033085551082704e-22 0  211 -211 111
9000007:addChannel = 1 1.4814705691978053e-05 0  111 22
