9000006:new = darkPhoton void 1 0 0 1.28 1.e-5 0. 0. 0. 
9000006:addChannel = 1 0.30987726593001896 0  11 -11
9000006:addChannel = 1 0.3097901430036363 0  13 -13
9000006:addChannel = 1 0.04804956885511606 0  211 -211
9000006:addChannel = 1 0.0932885509082464 0  211 -211 211 -211
9000006:addChannel = 1 0.1335137187986283 0  211 -211 111 111
9000006:addChannel = 1 0.03230633802640085 0  211 -211 111
9000006:addChannel = 1 6.816989973195527e-05 0  111 22
9000006:addChannel = 1 0.036553122289110604 0 321 -321
9000006:addChannel = 1 0.036553122289110604 0 130 310
9000007:new = darkPhoton void 1 0 0 1.28 1.e-5 0. 0. 0. 
9000007:addChannel = 1 0.30987726593001896 0  11 -11
9000007:addChannel = 1 0.3097901430036363 0  13 -13
9000007:addChannel = 1 0.04804956885511606 0  211 -211
9000007:addChannel = 1 0.0932885509082464 0  211 -211 211 -211
9000007:addChannel = 1 0.1335137187986283 0  211 -211 111 111
9000007:addChannel = 1 0.03230633802640085 0  211 -211 111
9000007:addChannel = 1 6.816989973195527e-05 0  111 22
9000007:addChannel = 1 0.036553122289110604 0 321 -321
9000007:addChannel = 1 0.036553122289110604 0 130 310
