663:new = darkPhoton void 1 0 0 1.86 10**-5 0. 0. 0. 
663:addChannel = 1 0.24923326550655586 0  11 -11
663:addChannel = 1 0.24921762588884663 0  13 -13
663:addChannel = 1 0.01215635252508268 0  211 -211
663:addChannel = 1 0.08224199295185612 0  211 -211 211 -211
663:addChannel = 1 0.1171022497982593 0  211 -211 111 111
663:addChannel = 1 0.011885252280560364 0  211 -211 111
663:addChannel = 1 2.267524249578723e-05 0  111 22
663:addChannel = 1 0.005246609472178687 0  311 311
663:addChannel = 1 0.01211124130402599 0  311 311 111
