9000006:new = darkPhoton void 1 0 0 0.62 1.e-5 0. 0. 0. 
9000006:addChannel = 1 0.2718819280123446 0  11 -11
9000006:addChannel = 1 0.2704489044537231 0  13 -13
9000006:addChannel = 1 0.45727821472522845 0  211 -211
9000006:addChannel = 1 0.0002629045770674544 0  211 -211 111
9000006:addChannel = 1 0.00012804823163632844 0  111 22
9000007:new = darkPhoton void 1 0 0 0.62 1.e-5 0. 0. 0. 
9000007:addChannel = 1 0.2718819280123446 0  11 -11
9000007:addChannel = 1 0.2704489044537231 0  13 -13
9000007:addChannel = 1 0.45727821472522845 0  211 -211
9000007:addChannel = 1 0.0002629045770674544 0  211 -211 111
9000007:addChannel = 1 0.00012804823163632844 0  111 22
