9000006:new = darkPhoton void 1 0 0 1.02 1.e-5 0. 0. 0. 
9000006:addChannel = 1 0.021526856672568578 0  11 -11
9000006:addChannel = 1 0.021511766457419576 0  13 -13
9000006:addChannel = 1 0.012849596016427765 0  211 -211
9000006:addChannel = 1 0.00034843370210232657 0  211 -211 211 -211
9000006:addChannel = 1 0.001704647199331332 0  211 -211 111 111
9000006:addChannel = 1 0.1471442240357407 0  211 -211 111
9000006:addChannel = 1 1.3766424842112805e-05 0  111 22
9000006:addChannel = 1 0.39745035474578383 91 321 -321
9000006:addChannel = 1 0.39745035474578383 91 130 310
9000007:new = darkPhoton void 1 0 0 1.02 1.e-5 0. 0. 0. 
9000007:addChannel = 1 0.021526856672568578 0  11 -11
9000007:addChannel = 1 0.021511766457419576 0  13 -13
9000007:addChannel = 1 0.012849596016427765 0  211 -211
9000007:addChannel = 1 0.00034843370210232657 0  211 -211 211 -211
9000007:addChannel = 1 0.001704647199331332 0  211 -211 111 111
9000007:addChannel = 1 0.1471442240357407 0  211 -211 111
9000007:addChannel = 1 1.3766424842112805e-05 0  111 22
9000007:addChannel = 1 0.39745035474578383 91 321 -321
9000007:addChannel = 1 0.39745035474578383 91 130 310
