9000006:new = darkPhoton void 1 0 0 0.6 1.e-5 0. 0. 0. 
9000006:addChannel = 1 0.3001127239975195 0  11 -11
9000006:addChannel = 1 0.2983039688019288 0  13 -13
9000006:addChannel = 1 0.40131073453075 0  211 -211
9000006:addChannel = 1 0.00016918383638436896 0  211 -211 111
9000006:addChannel = 1 0.00010338883341747187 0  111 22
9000007:new = darkPhoton void 1 0 0 0.6 1.e-5 0. 0. 0. 
9000007:addChannel = 1 0.3001127239975195 0  11 -11
9000007:addChannel = 1 0.2983039688019288 0  13 -13
9000007:addChannel = 1 0.40131073453075 0  211 -211
9000007:addChannel = 1 0.00016918383638436896 0  211 -211 111
9000007:addChannel = 1 0.00010338883341747187 0  111 22
