9000006:new = darkPhoton void 1 0 0 0.46 1.e-5 0. 0. 0. 
9000006:addChannel = 1 0.4279371482063426 0  11 -11
9000006:addChannel = 1 0.42021742329648964 0  13 -13
9000006:addChannel = 1 0.15181926207055133 0  211 -211
9000006:addChannel = 1 2.8904971882146696e-06 0  211 -211 111
9000006:addChannel = 1 2.327592942830385e-05 0  111 22
9000007:new = darkPhoton void 1 0 0 0.46 1.e-5 0. 0. 0. 
9000007:addChannel = 1 0.4279371482063426 0  11 -11
9000007:addChannel = 1 0.42021742329648964 0  13 -13
9000007:addChannel = 1 0.15181926207055133 0  211 -211
9000007:addChannel = 1 2.8904971882146696e-06 0  211 -211 111
9000007:addChannel = 1 2.327592942830385e-05 0  111 22
