9000006:new = darkPhoton void 1 0 0 1.8 1.e-5 0. 0. 0. 
9000006:addChannel = 1 0.31107389925707857 0  11 -11
9000006:addChannel = 1 0.31105163678137887 0  13 -13
9000006:addChannel = 1 0.01592231753347419 0  211 -211
9000006:addChannel = 1 0.12837086600642364 0  211 -211 211 -211
9000006:addChannel = 1 0.18116632818833708 0  211 -211 111 111
9000006:addChannel = 1 0.015380843639993341 0  211 -211 111
9000006:addChannel = 1 3.000183328774938e-05 0  111 22
9000006:addChannel = 1 0.0020213581973725758 0 321 -321
9000006:addChannel = 1 0.0020213581973725758 0 130 310
9000006:addChannel = 1 0.008609642887604019 0 321 -321 111
9000006:addChannel = 1 0.01217587373883866 0 130 321 -211
9000006:addChannel = 1 0.01217587373883866 0 130 -321 211
9000007:new = darkPhoton void 1 0 0 1.8 1.e-5 0. 0. 0. 
9000007:addChannel = 1 0.31107389925707857 0  11 -11
9000007:addChannel = 1 0.31105163678137887 0  13 -13
9000007:addChannel = 1 0.01592231753347419 0  211 -211
9000007:addChannel = 1 0.12837086600642364 0  211 -211 211 -211
9000007:addChannel = 1 0.18116632818833708 0  211 -211 111 111
9000007:addChannel = 1 0.015380843639993341 0  211 -211 111
9000007:addChannel = 1 3.000183328774938e-05 0  111 22
9000007:addChannel = 1 0.0020213581973725758 0 321 -321
9000007:addChannel = 1 0.0020213581973725758 0 130 310
9000007:addChannel = 1 0.008609642887604019 0 321 -321 111
9000007:addChannel = 1 0.01217587373883866 0 130 321 -211
9000007:addChannel = 1 0.01217587373883866 0 130 -321 211
