9000006:new = darkPhoton void 1 0 0 25.0 1.e-5 0. 0. 0. 
9000006:addChannel = 1 0.14612045103775376 0  11 -11
9000006:addChannel = 1 0.14612045075801353 0  13 -13
9000006:addChannel = 1 0.14609792812009953 0  15 -15
9000006:addChannel = 1 0.048706808138212224 91  1 -1
9000006:addChannel = 1 0.1948272325528489 91  2 -2
9000006:addChannel = 1 0.0487067702290799 91  3 -3
9000006:addChannel = 1 0.194812044968349 91  4 -4
9000006:addChannel = 1 0.04828835701722892 91  5 -5
9000007:new = darkPhoton void 1 0 0 25.0 1.e-5 0. 0. 0. 
9000007:addChannel = 1 0.14612045103775376 0  11 -11
9000007:addChannel = 1 0.14612045075801353 0  13 -13
9000007:addChannel = 1 0.14609792812009953 0  15 -15
9000007:addChannel = 1 0.048706808138212224 91  1 -1
9000007:addChannel = 1 0.1948272325528489 91  2 -2
9000007:addChannel = 1 0.0487067702290799 91  3 -3
9000007:addChannel = 1 0.194812044968349 91  4 -4
9000007:addChannel = 1 0.04828835701722892 91  5 -5
