9000006:new = darkPhoton void 1 0 0 0.36000000000000004 1.e-5 0. 0. 0. 
9000006:addChannel = 1 0.4835891795917652 0  11 -11
9000006:addChannel = 1 0.4589581505842437 0  13 -13
9000006:addChannel = 1 0.05744555864510506 0  211 -211
9000006:addChannel = 1 7.111178886070122e-06 0  111 22
9000007:new = darkPhoton void 1 0 0 0.36000000000000004 1.e-5 0. 0. 0. 
9000007:addChannel = 1 0.4835891795917652 0  11 -11
9000007:addChannel = 1 0.4589581505842437 0  13 -13
9000007:addChannel = 1 0.05744555864510506 0  211 -211
9000007:addChannel = 1 7.111178886070122e-06 0  111 22
