9000006:new = darkPhoton void 1 0 0 2.02 1.e-5 0. 0. 0. 
9000006:addChannel = 1 0.2509826038564725 0  11 -11
9000006:addChannel = 1 0.25097128967762367 0  13 -13
9000006:addChannel = 1 0.08328978261961752 91  1 -1
9000006:addChannel = 1 0.33315913047847007 91  2 -2
9000006:addChannel = 1 0.08159719336781633 91  3 -3
9000007:new = darkPhoton void 1 0 0 2.02 1.e-5 0. 0. 0. 
9000007:addChannel = 1 0.2509826038564725 0  11 -11
9000007:addChannel = 1 0.25097128967762367 0  13 -13
9000007:addChannel = 1 0.08328978261961752 91  1 -1
9000007:addChannel = 1 0.33315913047847007 91  2 -2
9000007:addChannel = 1 0.08159719336781633 91  3 -3
