9000006:new = darkPhoton void 1 0 0 0.32 1.e-5 0. 0. 0. 
9000006:addChannel = 1 0.5099551509189217 0  11 -11
9000006:addChannel = 1 0.46644361356758185 0  13 -13
9000006:addChannel = 1 0.023597154699391918 0  211 -211
9000006:addChannel = 1 4.080814104357702e-06 0  111 22
9000007:new = darkPhoton void 1 0 0 0.32 1.e-5 0. 0. 0. 
9000007:addChannel = 1 0.5099551509189217 0  11 -11
9000007:addChannel = 1 0.46644361356758185 0  13 -13
9000007:addChannel = 1 0.023597154699391918 0  211 -211
9000007:addChannel = 1 4.080814104357702e-06 0  111 22
