9000006:new = darkPhoton void 1 0 0 0.92 1.e-5 0. 0. 0. 
9000006:addChannel = 1 0.2856482261401326 0  11 -11
9000006:addChannel = 1 0.2853446440404441 0  13 -13
9000006:addChannel = 1 0.39805080312650204 0  211 -211
9000006:addChannel = 1 0.0010753798769503713 0  211 -211 211 -211
9000006:addChannel = 1 0.00248668206784173 0  211 -211 111 111
9000006:addChannel = 1 0.026947253839042302 0  211 -211 111
9000006:addChannel = 1 0.00044701090908694875 0  111 22
9000007:new = darkPhoton void 1 0 0 0.92 1.e-5 0. 0. 0. 
9000007:addChannel = 1 0.2856482261401326 0  11 -11
9000007:addChannel = 1 0.2853446440404441 0  13 -13
9000007:addChannel = 1 0.39805080312650204 0  211 -211
9000007:addChannel = 1 0.0010753798769503713 0  211 -211 211 -211
9000007:addChannel = 1 0.00248668206784173 0  211 -211 111 111
9000007:addChannel = 1 0.026947253839042302 0  211 -211 111
9000007:addChannel = 1 0.00044701090908694875 0  111 22
