9000006:new = darkPhoton void 1 0 0 1.58 1.e-5 0. 0. 0. 
9000006:addChannel = 1 0.24076004006143023 0  11 -11
9000006:addChannel = 1 0.2407309758968813 0  13 -13
9000006:addChannel = 1 0.0006747300122722026 0  211 -211
9000006:addChannel = 1 0.19025821405815715 0  211 -211 211 -211
9000006:addChannel = 1 0.1963133290657025 0  211 -211 111 111
9000006:addChannel = 1 0.043860949041075264 0  211 -211 111
9000006:addChannel = 1 2.9943326182442047e-05 0  111 22
9000006:addChannel = 1 0.02164071620092308 0 321 -321
9000006:addChannel = 1 0.02164071620092308 0 130 310
9000006:addChannel = 1 0.011516579707489047 0 321 -321 111
9000006:addChannel = 1 0.016286903214481785 0 130 321 -111
9000006:addChannel = 1 0.016286903214481785 0 130 -321 111
9000007:new = darkPhoton void 1 0 0 1.58 1.e-5 0. 0. 0. 
9000007:addChannel = 1 0.24076004006143023 0  11 -11
9000007:addChannel = 1 0.2407309758968813 0  13 -13
9000007:addChannel = 1 0.0006747300122722026 0  211 -211
9000007:addChannel = 1 0.19025821405815715 0  211 -211 211 -211
9000007:addChannel = 1 0.1963133290657025 0  211 -211 111 111
9000007:addChannel = 1 0.043860949041075264 0  211 -211 111
9000007:addChannel = 1 2.9943326182442047e-05 0  111 22
9000007:addChannel = 1 0.02164071620092308 0 321 -321
9000007:addChannel = 1 0.02164071620092308 0 130 310
9000007:addChannel = 1 0.011516579707489047 0 321 -321 111
9000007:addChannel = 1 0.016286903214481785 0 130 321 -111
9000007:addChannel = 1 0.016286903214481785 0 130 -321 111
