9000006:new = darkPhoton void 1 0 0 1.98 1.e-5 0. 0. 0. 
9000006:addChannel = 1 0.23230773608194752 0  11 -11
9000006:addChannel = 1 0.23229638981376016 0  13 -13
9000006:addChannel = 1 0.006207727323581967 0  211 -211
9000006:addChannel = 1 0.0670370434011694 0  211 -211 211 -211
9000006:addChannel = 1 0.09201477118470106 0  211 -211 111 111
9000006:addChannel = 1 0.004696095541818765 0  211 -211 111
9000006:addChannel = 1 1.9006257427545047e-05 0  111 22
9000006:addChannel = 1 0.0032830890801782107 0 321 -321
9000006:addChannel = 1 0.0032830890801782107 0 130 310
9000006:addChannel = 1 0.0017487884020583953 0 321 -321 111
9000006:addChannel = 1 0.0024731602759117555 0 130 321 -111
9000006:addChannel = 1 0.0024731602759117555 0 130 -321 111
9000007:new = darkPhoton void 1 0 0 1.98 1.e-5 0. 0. 0. 
9000007:addChannel = 1 0.23230773608194752 0  11 -11
9000007:addChannel = 1 0.23229638981376016 0  13 -13
9000007:addChannel = 1 0.006207727323581967 0  211 -211
9000007:addChannel = 1 0.0670370434011694 0  211 -211 211 -211
9000007:addChannel = 1 0.09201477118470106 0  211 -211 111 111
9000007:addChannel = 1 0.004696095541818765 0  211 -211 111
9000007:addChannel = 1 1.9006257427545047e-05 0  111 22
9000007:addChannel = 1 0.0032830890801782107 0 321 -321
9000007:addChannel = 1 0.0032830890801782107 0 130 310
9000007:addChannel = 1 0.0017487884020583953 0 321 -321 111
9000007:addChannel = 1 0.0024731602759117555 0 130 321 -111
9000007:addChannel = 1 0.0024731602759117555 0 130 -321 111
