9000006:new = darkPhoton void 1 0 0 3.0 1.e-5 0. 0. 0. 
9000006:addChannel = 1 0.23922785649141937 0  11 -11
9000006:addChannel = 1 0.23922564421131537 0  13 -13
9000006:addChannel = 1 0.07967140618066679 91  1 -1
9000006:addChannel = 1 0.31868562472266715 91  2 -2
9000006:addChannel = 1 0.07935884325684717 91  3 -3
9000007:new = darkPhoton void 1 0 0 3.0 1.e-5 0. 0. 0. 
9000007:addChannel = 1 0.23922785649141937 0  11 -11
9000007:addChannel = 1 0.23922564421131537 0  13 -13
9000007:addChannel = 1 0.07967140618066679 91  1 -1
9000007:addChannel = 1 0.31868562472266715 91  2 -2
9000007:addChannel = 1 0.07935884325684717 91  3 -3
