9000006:new = darkPhoton void 1 0 0 0.34 1.e-5 0. 0. 0. 
9000006:addChannel = 1 0.49609787791690646 0  11 -11
9000006:addChannel = 1 0.4637038279682449 0  13 -13
9000006:addChannel = 1 0.04019285787430239 0  211 -211
9000006:addChannel = 1 5.436240546379886e-06 0  111 22
9000007:new = darkPhoton void 1 0 0 0.34 1.e-5 0. 0. 0. 
9000007:addChannel = 1 0.49609787791690646 0  11 -11
9000007:addChannel = 1 0.4637038279682449 0  13 -13
9000007:addChannel = 1 0.04019285787430239 0  211 -211
9000007:addChannel = 1 5.436240546379886e-06 0  111 22
