9000006:new = darkPhoton void 1 0 0 2.12 1.e-5 0. 0. 0. 
9000006:addChannel = 1 0.2508040593121131 0  11 -11
9000006:addChannel = 1 0.2507947433254362 0  13 -13
9000006:addChannel = 1 0.08329678986076607 91  1 -1
9000006:addChannel = 1 0.33318715944306426 91  2 -2
9000006:addChannel = 1 0.08191724805862044 91  3 -3
9000007:new = darkPhoton void 1 0 0 2.12 1.e-5 0. 0. 0. 
9000007:addChannel = 1 0.2508040593121131 0  11 -11
9000007:addChannel = 1 0.2507947433254362 0  13 -13
9000007:addChannel = 1 0.08329678986076607 91  1 -1
9000007:addChannel = 1 0.33318715944306426 91  2 -2
9000007:addChannel = 1 0.08191724805862044 91  3 -3
