9000006:new = darkPhoton void 1 0 0 0.48000000000000004 1.e-5 0. 0. 0. 
9000006:addChannel = 1 0.4152899941106408 0  11 -11
9000006:addChannel = 1 0.4090142779070716 0  13 -13
9000006:addChannel = 1 0.17565936171027277 0  211 -211
9000006:addChannel = 1 7.401456085294664e-06 0  211 -211 111
9000006:addChannel = 1 2.896481592946401e-05 0  111 22
9000007:new = darkPhoton void 1 0 0 0.48000000000000004 1.e-5 0. 0. 0. 
9000007:addChannel = 1 0.4152899941106408 0  11 -11
9000007:addChannel = 1 0.4090142779070716 0  13 -13
9000007:addChannel = 1 0.17565936171027277 0  211 -211
9000007:addChannel = 1 7.401456085294664e-06 0  211 -211 111
9000007:addChannel = 1 2.896481592946401e-05 0  111 22
