9000006:new = darkPhoton void 1 0 0 1.2 1.e-5 0. 0. 0. 
9000006:addChannel = 1 0.3297388392553274 0  11 -11
9000006:addChannel = 1 0.32961867253003724 0  13 -13
9000006:addChannel = 1 0.07758425148840128 0  211 -211
9000006:addChannel = 1 0.05463772566461851 0  211 -211 211 -211
9000006:addChannel = 1 0.09736198706693971 0  211 -211 111 111
9000006:addChannel = 1 0.02923434872342776 0  211 -211 111
9000006:addChannel = 1 9.180918501387889e-05 0  111 22
9000006:addChannel = 1 0.04086618304311706 91 321 -321
9000006:addChannel = 1 0.04086618304311706 91 130 310
9000007:new = darkPhoton void 1 0 0 1.2 1.e-5 0. 0. 0. 
9000007:addChannel = 1 0.3297388392553274 0  11 -11
9000007:addChannel = 1 0.32961867253003724 0  13 -13
9000007:addChannel = 1 0.07758425148840128 0  211 -211
9000007:addChannel = 1 0.05463772566461851 0  211 -211 211 -211
9000007:addChannel = 1 0.09736198706693971 0  211 -211 111 111
9000007:addChannel = 1 0.02923434872342776 0  211 -211 111
9000007:addChannel = 1 9.180918501387889e-05 0  111 22
9000007:addChannel = 1 0.04086618304311706 91 321 -321
9000007:addChannel = 1 0.04086618304311706 91 130 310
