9000006:new = darkPhoton void 1 0 0 0.56 1.e-5 0. 0. 0. 
9000006:addChannel = 1 0.34793855016946723 0  11 -11
9000006:addChannel = 1 0.3451561211489929 0  13 -13
9000006:addChannel = 1 0.306770460914692 0  211 -211
9000006:addChannel = 1 6.709977543118579e-05 0  211 -211 111
9000006:addChannel = 1 6.776799141678905e-05 0  111 22
9000007:new = darkPhoton void 1 0 0 0.56 1.e-5 0. 0. 0. 
9000007:addChannel = 1 0.34793855016946723 0  11 -11
9000007:addChannel = 1 0.3451561211489929 0  13 -13
9000007:addChannel = 1 0.306770460914692 0  211 -211
9000007:addChannel = 1 6.709977543118579e-05 0  211 -211 111
9000007:addChannel = 1 6.776799141678905e-05 0  111 22
