9000006:new = darkPhoton void 1 0 0 1.3800000000000001 1.e-5 0. 0. 0. 
9000006:addChannel = 1 0.2808955930740828 0  11 -11
9000006:addChannel = 1 0.28083721513356197 0  13 -13
9000006:addChannel = 1 0.02138851403903532 0  211 -211
9000006:addChannel = 1 0.1550375136413269 0  211 -211 211 -211
9000006:addChannel = 1 0.17520862617997904 0  211 -211 111 111
9000006:addChannel = 1 0.02698037845217189 0  211 -211 111
9000006:addChannel = 1 4.8923585445718494e-05 0  111 22
9000006:addChannel = 1 0.02980161794719817 0 321 -321
9000006:addChannel = 1 0.02980161794719817 0 130 310
9000007:new = darkPhoton void 1 0 0 1.3800000000000001 1.e-5 0. 0. 0. 
9000007:addChannel = 1 0.2808955930740828 0  11 -11
9000007:addChannel = 1 0.28083721513356197 0  13 -13
9000007:addChannel = 1 0.02138851403903532 0  211 -211
9000007:addChannel = 1 0.1550375136413269 0  211 -211 211 -211
9000007:addChannel = 1 0.17520862617997904 0  211 -211 111 111
9000007:addChannel = 1 0.02698037845217189 0  211 -211 111
9000007:addChannel = 1 4.8923585445718494e-05 0  111 22
9000007:addChannel = 1 0.02980161794719817 0 321 -321
9000007:addChannel = 1 0.02980161794719817 0 130 310
