9000006:new = darkPhoton void 1 0 0 40.0 1.e-5 0. 0. 0. 
9000006:addChannel = 1 0.14606368106010822 0  11 -11
9000006:addChannel = 1 0.14606368101744044 0  13 -13
9000006:addChannel = 1 0.14606025989970348 0  15 -15
9000006:addChannel = 1 0.04868789233329876 91  1 -1
9000006:addChannel = 1 0.19475156933319504 91  2 -2
9000006:addChannel = 1 0.0486878865532007 91  3 -3
9000006:addChannel = 1 0.1947492596272716 91  4 -4
9000006:addChannel = 1 0.04862611591326872 91  5 -5
9000007:new = darkPhoton void 1 0 0 40.0 1.e-5 0. 0. 0. 
9000007:addChannel = 1 0.14606368106010822 0  11 -11
9000007:addChannel = 1 0.14606368101744044 0  13 -13
9000007:addChannel = 1 0.14606025989970348 0  15 -15
9000007:addChannel = 1 0.04868789233329876 91  1 -1
9000007:addChannel = 1 0.19475156933319504 91  2 -2
9000007:addChannel = 1 0.0486878865532007 91  3 -3
9000007:addChannel = 1 0.1947492596272716 91  4 -4
9000007:addChannel = 1 0.04862611591326872 91  5 -5
