9000006:new = darkPhoton void 1 0 0 1.26 1.e-5 0. 0. 0. 
9000006:addChannel = 1 0.31610504793032457 0  11 -11
9000006:addChannel = 1 0.316010367339872 0  13 -13
9000006:addChannel = 1 0.05444277240504864 0  211 -211
9000006:addChannel = 1 0.08294596457693064 0  211 -211 211 -211
9000006:addChannel = 1 0.12440314161299942 0  211 -211 111 111
9000006:addChannel = 1 0.03197801800491288 0  211 -211 111
9000006:addChannel = 1 7.340275317991258e-05 0  111 22
9000006:addChannel = 1 0.03702064268836597 91 321 -321
9000006:addChannel = 1 0.03702064268836597 91 130 310
9000007:new = darkPhoton void 1 0 0 1.26 1.e-5 0. 0. 0. 
9000007:addChannel = 1 0.31610504793032457 0  11 -11
9000007:addChannel = 1 0.316010367339872 0  13 -13
9000007:addChannel = 1 0.05444277240504864 0  211 -211
9000007:addChannel = 1 0.08294596457693064 0  211 -211 211 -211
9000007:addChannel = 1 0.12440314161299942 0  211 -211 111 111
9000007:addChannel = 1 0.03197801800491288 0  211 -211 111
9000007:addChannel = 1 7.340275317991258e-05 0  111 22
9000007:addChannel = 1 0.03702064268836597 91 321 -321
9000007:addChannel = 1 0.03702064268836597 91 130 310
