9000006:new = darkPhoton void 1 0 0 1.34 1.e-5 0. 0. 0. 
9000006:addChannel = 1 0.29305094416347893 0  11 -11
9000006:addChannel = 1 0.29298240262882885 0  13 -13
9000006:addChannel = 1 0.03157623923361886 0  211 -211
9000006:addChannel = 1 0.12978933266057968 0  211 -211 211 -211
9000006:addChannel = 1 0.15989445615449766 0  211 -211 111 111
9000006:addChannel = 1 0.03026333583765301 0  211 -211 111
9000006:addChannel = 1 5.56738183721848e-05 0  111 22
9000006:addChannel = 1 0.031193807751485475 0 321 -321
9000006:addChannel = 1 0.031193807751485475 0 130 310
9000007:new = darkPhoton void 1 0 0 1.34 1.e-5 0. 0. 0. 
9000007:addChannel = 1 0.29305094416347893 0  11 -11
9000007:addChannel = 1 0.29298240262882885 0  13 -13
9000007:addChannel = 1 0.03157623923361886 0  211 -211
9000007:addChannel = 1 0.12978933266057968 0  211 -211 211 -211
9000007:addChannel = 1 0.15989445615449766 0  211 -211 111 111
9000007:addChannel = 1 0.03026333583765301 0  211 -211 111
9000007:addChannel = 1 5.56738183721848e-05 0  111 22
9000007:addChannel = 1 0.031193807751485475 0 321 -321
9000007:addChannel = 1 0.031193807751485475 0 130 310
