9000006:new = darkPhoton void 1 0 0 1.24 1.e-5 0. 0. 0. 
9000006:addChannel = 1 0.32178777759734123 0  11 -11
9000006:addChannel = 1 0.3216849925371243 0  13 -13
9000006:addChannel = 1 0.06151295156551839 0  211 -211
9000006:addChannel = 1 0.07317454062564806 0  211 -211 211 -211
9000006:addChannel = 1 0.11517749923543627 0  211 -211 111 111
9000006:addChannel = 1 0.031275133322690676 0  211 -211 111
9000006:addChannel = 1 7.911152512232003e-05 0  111 22
9000006:addChannel = 1 0.0376539967955594 91 321 -321
9000006:addChannel = 1 0.0376539967955594 91 130 310
9000007:new = darkPhoton void 1 0 0 1.24 1.e-5 0. 0. 0. 
9000007:addChannel = 1 0.32178777759734123 0  11 -11
9000007:addChannel = 1 0.3216849925371243 0  13 -13
9000007:addChannel = 1 0.06151295156551839 0  211 -211
9000007:addChannel = 1 0.07317454062564806 0  211 -211 211 -211
9000007:addChannel = 1 0.11517749923543627 0  211 -211 111 111
9000007:addChannel = 1 0.031275133322690676 0  211 -211 111
9000007:addChannel = 1 7.911152512232003e-05 0  111 22
9000007:addChannel = 1 0.0376539967955594 91 321 -321
9000007:addChannel = 1 0.0376539967955594 91 130 310
