9000006:new = darkPhoton void 1 0 0 1.4000000000000001 1.e-5 0. 0. 0. 
9000006:addChannel = 1 0.2750626518971218 0  11 -11
9000006:addChannel = 1 0.2750086956692934 0  13 -13
9000006:addChannel = 1 0.01670482991236584 0  211 -211
9000006:addChannel = 1 0.16703179536454515 0  211 -211 211 -211
9000006:addChannel = 1 0.1826195958475567 0  211 -211 111 111
9000006:addChannel = 1 0.02533511591012184 0  211 -211 111
9000006:addChannel = 1 4.5995976650241585e-05 0  111 22
9000006:addChannel = 1 0.028899457521574176 0 321 -321
9000006:addChannel = 1 0.028899457521574176 0 130 310
9000006:addChannel = 1 0.00010249754439887405 0 321 -321 111
9000006:addChannel = 1 0.00014495341739882613 0 130 321 -111
9000006:addChannel = 1 0.00014495341739882613 0 130 -321 111
9000007:new = darkPhoton void 1 0 0 1.4000000000000001 1.e-5 0. 0. 0. 
9000007:addChannel = 1 0.2750626518971218 0  11 -11
9000007:addChannel = 1 0.2750086956692934 0  13 -13
9000007:addChannel = 1 0.01670482991236584 0  211 -211
9000007:addChannel = 1 0.16703179536454515 0  211 -211 211 -211
9000007:addChannel = 1 0.1826195958475567 0  211 -211 111 111
9000007:addChannel = 1 0.02533511591012184 0  211 -211 111
9000007:addChannel = 1 4.5995976650241585e-05 0  111 22
9000007:addChannel = 1 0.028899457521574176 0 321 -321
9000007:addChannel = 1 0.028899457521574176 0 130 310
9000007:addChannel = 1 0.00010249754439887405 0 321 -321 111
9000007:addChannel = 1 0.00014495341739882613 0 130 321 -111
9000007:addChannel = 1 0.00014495341739882613 0 130 -321 111
