9000006:new = darkPhoton void 1 0 0 7.0 1.e-5 0. 0. 0. 
9000006:addChannel = 1 0.1546070215892133 0  11 -11
9000006:addChannel = 1 0.1546069734207592 0  13 -13
9000006:addChannel = 1 0.1503671678658307 0  15 -15
9000006:addChannel = 1 0.05153414201995153 91  1 -1
9000006:addChannel = 1 0.20613656807980613 91  2 -2
9000006:addChannel = 1 0.0515275693748147 91  3 -3
9000006:addChannel = 1 0.20335628906126782 91  4 -4
9000007:new = darkPhoton void 1 0 0 7.0 1.e-5 0. 0. 0. 
9000007:addChannel = 1 0.1546070215892133 0  11 -11
9000007:addChannel = 1 0.1546069734207592 0  13 -13
9000007:addChannel = 1 0.1503671678658307 0  15 -15
9000007:addChannel = 1 0.05153414201995153 91  1 -1
9000007:addChannel = 1 0.20613656807980613 91  2 -2
9000007:addChannel = 1 0.0515275693748147 91  3 -3
9000007:addChannel = 1 0.20335628906126782 91  4 -4
