9000006:new = darkPhoton void 1 0 0 0.9400000000000001 1.e-5 0. 0. 0. 
9000006:addChannel = 1 0.30613111687482497 0  11 -11
9000006:addChannel = 1 0.30583281451385125 0  13 -13
9000006:addChannel = 1 0.34898947323748297 0  211 -211
9000006:addChannel = 1 0.0015470335991277413 0  211 -211 211 -211
9000006:addChannel = 1 0.004889526198727283 0  211 -211 111 111
9000006:addChannel = 1 0.032229208466593315 0  211 -211 111
9000006:addChannel = 1 0.0003808271093924815 0  111 22
9000007:new = darkPhoton void 1 0 0 0.9400000000000001 1.e-5 0. 0. 0. 
9000007:addChannel = 1 0.30613111687482497 0  11 -11
9000007:addChannel = 1 0.30583281451385125 0  13 -13
9000007:addChannel = 1 0.34898947323748297 0  211 -211
9000007:addChannel = 1 0.0015470335991277413 0  211 -211 211 -211
9000007:addChannel = 1 0.004889526198727283 0  211 -211 111 111
9000007:addChannel = 1 0.032229208466593315 0  211 -211 111
9000007:addChannel = 1 0.0003808271093924815 0  111 22
