9000006:new = darkPhoton void 1 0 0 0.38 1.e-5 0. 0. 0. 
9000006:addChannel = 1 0.4720647995229703 0  11 -11
9000006:addChannel = 1 0.45300462298008476 0  13 -13
9000006:addChannel = 1 0.07492140433376057 0  211 -211
9000006:addChannel = 1 9.173163184510336e-06 0  111 22
9000007:new = darkPhoton void 1 0 0 0.38 1.e-5 0. 0. 0. 
9000007:addChannel = 1 0.4720647995229703 0  11 -11
9000007:addChannel = 1 0.45300462298008476 0  13 -13
9000007:addChannel = 1 0.07492140433376057 0  211 -211
9000007:addChannel = 1 9.173163184510336e-06 0  111 22
