9000006:new = darkPhoton void 1 0 0 0.54 1.e-5 0. 0. 0. 
9000006:addChannel = 1 0.36788211580751035 0  11 -11
9000006:addChannel = 1 0.36446569909980586 0  13 -13
9000006:addChannel = 1 0.2675569840069315 0  211 -211
9000006:addChannel = 1 4.0302037610080375e-05 0  211 -211 111
9000006:addChannel = 1 5.48990481422189e-05 0  111 22
9000007:new = darkPhoton void 1 0 0 0.54 1.e-5 0. 0. 0. 
9000007:addChannel = 1 0.36788211580751035 0  11 -11
9000007:addChannel = 1 0.36446569909980586 0  13 -13
9000007:addChannel = 1 0.2675569840069315 0  211 -211
9000007:addChannel = 1 4.0302037610080375e-05 0  211 -211 111
9000007:addChannel = 1 5.48990481422189e-05 0  111 22
