9000006:new = darkPhoton void 1 0 0 0.8200000000000001 1.e-5 0. 0. 0. 
9000006:addChannel = 1 0.14429846369169808 0  11 -11
9000006:addChannel = 1 0.1440543023201091 0  13 -13
9000006:addChannel = 1 0.6710022860133712 0  211 -211
9000006:addChannel = 1 0.00010038411223649488 0  211 -211 211 -211
9000006:addChannel = 1 0.038233162211476705 0  211 -211 111
9000006:addChannel = 1 0.002353075047422636 0  111 22
9000007:new = darkPhoton void 1 0 0 0.8200000000000001 1.e-5 0. 0. 0. 
9000007:addChannel = 1 0.14429846369169808 0  11 -11
9000007:addChannel = 1 0.1440543023201091 0  13 -13
9000007:addChannel = 1 0.6710022860133712 0  211 -211
9000007:addChannel = 1 0.00010038411223649488 0  211 -211 211 -211
9000007:addChannel = 1 0.038233162211476705 0  211 -211 111
9000007:addChannel = 1 0.002353075047422636 0  111 22
