9000006:new = darkPhoton void 1 0 0 9.0 1.e-5 0. 0. 0. 
9000006:addChannel = 1 0.15390758207170288 0  11 -11
9000006:addChannel = 1 0.15390756452629453 0  13 -13
9000006:addChannel = 1 0.15242467135101137 0  15 -15
9000006:addChannel = 1 0.051301969971424374 91  1 -1
9000006:addChannel = 1 0.2052078798856975 91  2 -2
9000006:addChannel = 1 0.05129958296267743 91  3 -3
9000006:addChannel = 1 0.20422249918218258 91  4 -4
9000007:new = darkPhoton void 1 0 0 9.0 1.e-5 0. 0. 0. 
9000007:addChannel = 1 0.15390758207170288 0  11 -11
9000007:addChannel = 1 0.15390756452629453 0  13 -13
9000007:addChannel = 1 0.15242467135101137 0  15 -15
9000007:addChannel = 1 0.051301969971424374 91  1 -1
9000007:addChannel = 1 0.2052078798856975 91  2 -2
9000007:addChannel = 1 0.05129958296267743 91  3 -3
9000007:addChannel = 1 0.20422249918218258 91  4 -4
