9000006:new = darkPhoton void 1 0 0 1.18 1.e-5 0. 0. 0. 
9000006:addChannel = 1 0.33325518207057736 0  11 -11
9000006:addChannel = 1 0.3331252413124917 0  13 -13
9000006:addChannel = 1 0.0867463238929896 0  211 -211
9000006:addChannel = 1 0.04595255705572162 0  211 -211 211 -211
9000006:addChannel = 1 0.08984559708624663 0  211 -211 111 111
9000006:addChannel = 1 0.028221848395725623 0  211 -211 111
9000006:addChannel = 1 9.932337446433585e-05 0  111 22
9000006:addChannel = 1 0.04137696340589162 0 321 -321
9000006:addChannel = 1 0.04137696340589162 0 130 310
9000007:new = darkPhoton void 1 0 0 1.18 1.e-5 0. 0. 0. 
9000007:addChannel = 1 0.33325518207057736 0  11 -11
9000007:addChannel = 1 0.3331252413124917 0  13 -13
9000007:addChannel = 1 0.0867463238929896 0  211 -211
9000007:addChannel = 1 0.04595255705572162 0  211 -211 211 -211
9000007:addChannel = 1 0.08984559708624663 0  211 -211 111 111
9000007:addChannel = 1 0.028221848395725623 0  211 -211 111
9000007:addChannel = 1 9.932337446433585e-05 0  111 22
9000007:addChannel = 1 0.04137696340589162 0 321 -321
9000007:addChannel = 1 0.04137696340589162 0 130 310
