9000006:new = darkPhoton void 1 0 0 2.0 1.e-5 0. 0. 0. 
9000006:addChannel = 1 0.2510241511791698 0  11 -11
9000006:addChannel = 1 0.2510123747792041 0  13 -13
9000006:addChannel = 1 0.0832881979169808 91  1 -1
9000006:addChannel = 1 0.3331527916679232 91  2 -2
9000006:addChannel = 1 0.08152248445672203 91  3 -3
9000007:new = darkPhoton void 1 0 0 2.0 1.e-5 0. 0. 0. 
9000007:addChannel = 1 0.2510241511791698 0  11 -11
9000007:addChannel = 1 0.2510123747792041 0  13 -13
9000007:addChannel = 1 0.0832881979169808 91  1 -1
9000007:addChannel = 1 0.3331527916679232 91  2 -2
9000007:addChannel = 1 0.08152248445672203 91  3 -3
