9000006:new = darkPhoton void 1 0 0 1.54 1.e-5 0. 0. 0. 
9000006:addChannel = 1 0.2350939851980911 0  11 -11
9000006:addChannel = 1 0.2350625295453186 0  13 -13
9000006:addChannel = 1 0.0007470346473655087 0  211 -211
9000006:addChannel = 1 0.19328016899077266 0  211 -211 211 -211
9000006:addChannel = 1 0.19581918403091222 0  211 -211 111 111
9000006:addChannel = 1 0.03484863263625458 0  211 -211 111
9000006:addChannel = 1 3.0891349655031416e-05 0  111 22
9000006:addChannel = 1 0.020796413930624646 0 321 -321
9000006:addChannel = 1 0.020796413930624646 0 130 310
9000006:addChannel = 1 0.006270929806459991 0 321 -321 111
9000006:addChannel = 1 0.00886843398098541 0 130 321 -111
9000006:addChannel = 1 0.00886843398098541 0 130 -321 111
9000007:new = darkPhoton void 1 0 0 1.54 1.e-5 0. 0. 0. 
9000007:addChannel = 1 0.2350939851980911 0  11 -11
9000007:addChannel = 1 0.2350625295453186 0  13 -13
9000007:addChannel = 1 0.0007470346473655087 0  211 -211
9000007:addChannel = 1 0.19328016899077266 0  211 -211 211 -211
9000007:addChannel = 1 0.19581918403091222 0  211 -211 111 111
9000007:addChannel = 1 0.03484863263625458 0  211 -211 111
9000007:addChannel = 1 3.0891349655031416e-05 0  111 22
9000007:addChannel = 1 0.020796413930624646 0 321 -321
9000007:addChannel = 1 0.020796413930624646 0 130 310
9000007:addChannel = 1 0.006270929806459991 0 321 -321 111
9000007:addChannel = 1 0.00886843398098541 0 130 321 -111
9000007:addChannel = 1 0.00886843398098541 0 130 -321 111
