9000006:new = darkPhoton void 1 0 0 2.25 1.e-5 0. 0. 0. 
9000006:addChannel = 1 0.2392290020794556 0  11 -11
9000006:addChannel = 1 0.2392220010987851 0  13 -13
9000006:addChannel = 1 0.0795149287106229 91  1 -1
9000006:addChannel = 1 0.3180597148424916 91  2 -2
9000006:addChannel = 1 0.07848953037554815 91  3 -3
9000007:new = darkPhoton void 1 0 0 2.25 1.e-5 0. 0. 0. 
9000007:addChannel = 1 0.2392290020794556 0  11 -11
9000007:addChannel = 1 0.2392220010987851 0  13 -13
9000007:addChannel = 1 0.0795149287106229 91  1 -1
9000007:addChannel = 1 0.3180597148424916 91  2 -2
9000007:addChannel = 1 0.07848953037554815 91  3 -3
