9000006:new = darkPhoton void 1 0 0 1.96 1.e-5 0. 0. 0. 
9000006:addChannel = 1 0.23972850375626076 0  11 -11
9000006:addChannel = 1 0.2397163088165401 0  13 -13
9000006:addChannel = 1 0.007348397825640864 0  211 -211
9000006:addChannel = 1 0.0672318588784452 0  211 -211 211 -211
9000006:addChannel = 1 0.09225472010052438 0  211 -211 111 111
9000006:addChannel = 1 0.007143225706244057 0  211 -211 111
9000006:addChannel = 1 1.9946130698032717e-05 0  111 22
9000006:addChannel = 1 0.0033945556131887464 91 321 -321
9000006:addChannel = 1 0.0033945556131887464 91 130 310
9000006:addChannel = 1 0.003006435165607349 91 321 -321 111
9000006:addChannel = 1 0.003006435165607349 91 130 321 -111
9000006:addChannel = 1 0.003006435165607349 91 130 -321 111
9000007:new = darkPhoton void 1 0 0 1.96 1.e-5 0. 0. 0. 
9000007:addChannel = 1 0.23972850375626076 0  11 -11
9000007:addChannel = 1 0.2397163088165401 0  13 -13
9000007:addChannel = 1 0.007348397825640864 0  211 -211
9000007:addChannel = 1 0.0672318588784452 0  211 -211 211 -211
9000007:addChannel = 1 0.09225472010052438 0  211 -211 111 111
9000007:addChannel = 1 0.007143225706244057 0  211 -211 111
9000007:addChannel = 1 1.9946130698032717e-05 0  111 22
9000007:addChannel = 1 0.0033945556131887464 91 321 -321
9000007:addChannel = 1 0.0033945556131887464 91 130 310
9000007:addChannel = 1 0.003006435165607349 91 321 -321 111
9000007:addChannel = 1 0.003006435165607349 91 130 321 -111
9000007:addChannel = 1 0.003006435165607349 91 130 -321 111
