9000006:new = darkPhoton void 1 0 0 1.84 1.e-5 0. 0. 0. 
9000006:addChannel = 1 0.32946138076512616 0  11 -11
9000006:addChannel = 1 0.32943979107575894 0  13 -13
9000006:addChannel = 1 0.016677005632950517 0  211 -211
9000006:addChannel = 1 0.11669192645320423 0  211 -211 211 -211
9000006:addChannel = 1 0.1664109434244712 0  211 -211 111 111
9000006:addChannel = 1 0.01569024178172571 0  211 -211 111
9000006:addChannel = 1 3.054996545420895e-05 0  111 22
9000006:addChannel = 1 0.0029033784179927783 0 321 -321
9000006:addChannel = 1 0.0029033784179927783 0 130 310
9000006:addChannel = 1 0.005169591432835609 0 321 -321 111
9000006:addChannel = 1 0.007310906316243879 0 130 321 -111
9000006:addChannel = 1 0.007310906316243879 0 130 -321 111
9000007:new = darkPhoton void 1 0 0 1.84 1.e-5 0. 0. 0. 
9000007:addChannel = 1 0.32946138076512616 0  11 -11
9000007:addChannel = 1 0.32943979107575894 0  13 -13
9000007:addChannel = 1 0.016677005632950517 0  211 -211
9000007:addChannel = 1 0.11669192645320423 0  211 -211 211 -211
9000007:addChannel = 1 0.1664109434244712 0  211 -211 111 111
9000007:addChannel = 1 0.01569024178172571 0  211 -211 111
9000007:addChannel = 1 3.054996545420895e-05 0  111 22
9000007:addChannel = 1 0.0029033784179927783 0 321 -321
9000007:addChannel = 1 0.0029033784179927783 0 130 310
9000007:addChannel = 1 0.005169591432835609 0 321 -321 111
9000007:addChannel = 1 0.007310906316243879 0 130 321 -111
9000007:addChannel = 1 0.007310906316243879 0 130 -321 111
