9000006:new = darkPhoton void 1 0 0 1.1600000000000001 1.e-5 0. 0. 0. 
9000006:addChannel = 1 0.3362922135066485 0  11 -11
9000006:addChannel = 1 0.33615175529449387 0  13 -13
9000006:addChannel = 1 0.09655622034205062 0  211 -211
9000006:addChannel = 1 0.037728623433319515 0  211 -211 211 -211
9000006:addChannel = 1 0.08300028121559476 0  211 -211 111 111
9000006:addChannel = 1 0.027068698332697885 0  211 -211 111
9000006:addChannel = 1 0.00010776483981822976 0  111 22
9000006:addChannel = 1 0.041547221517688276 0 321 -321
9000006:addChannel = 1 0.041547221517688276 0 130 310
9000007:new = darkPhoton void 1 0 0 1.1600000000000001 1.e-5 0. 0. 0. 
9000007:addChannel = 1 0.3362922135066485 0  11 -11
9000007:addChannel = 1 0.33615175529449387 0  13 -13
9000007:addChannel = 1 0.09655622034205062 0  211 -211
9000007:addChannel = 1 0.037728623433319515 0  211 -211 211 -211
9000007:addChannel = 1 0.08300028121559476 0  211 -211 111 111
9000007:addChannel = 1 0.027068698332697885 0  211 -211 111
9000007:addChannel = 1 0.00010776483981822976 0  111 22
9000007:addChannel = 1 0.041547221517688276 0 321 -321
9000007:addChannel = 1 0.041547221517688276 0 130 310
