9000006:new = darkPhoton void 1 0 0 0.7000000000000001 1.e-5 0. 0. 0. 
9000006:addChannel = 1 0.14445812641286757 0  11 -11
9000006:addChannel = 1 0.14399378356185613 0  13 -13
9000006:addChannel = 1 0.7096216543791397 0  211 -211
9000006:addChannel = 1 0.0015746801083206675 0  211 -211 111
9000006:addChannel = 1 0.000351755537815933 0  111 22
9000007:new = darkPhoton void 1 0 0 0.7000000000000001 1.e-5 0. 0. 0. 
9000007:addChannel = 1 0.14445812641286757 0  11 -11
9000007:addChannel = 1 0.14399378356185613 0  13 -13
9000007:addChannel = 1 0.7096216543791397 0  211 -211
9000007:addChannel = 1 0.0015746801083206675 0  211 -211 111
9000007:addChannel = 1 0.000351755537815933 0  111 22
