9000006:new = darkPhoton void 1 0 0 1.22 1.e-5 0. 0. 0. 
9000006:addChannel = 1 0.3261820034794441 0  11 -11
9000006:addChannel = 1 0.3260707764920875 0  13 -13
9000006:addChannel = 1 0.06921908295838561 0  211 -211
9000006:addChannel = 1 0.06372943983982556 0  211 -211 211 -211
9000006:addChannel = 1 0.10597000929042137 0  211 -211 111 111
9000006:addChannel = 1 0.030296730410986454 0  211 -211 111
9000006:addChannel = 1 8.518569202870736e-05 0  111 22
9000006:addChannel = 1 0.03922338591841039 91 321 -321
9000006:addChannel = 1 0.03922338591841039 91 130 310
9000007:new = darkPhoton void 1 0 0 1.22 1.e-5 0. 0. 0. 
9000007:addChannel = 1 0.3261820034794441 0  11 -11
9000007:addChannel = 1 0.3260707764920875 0  13 -13
9000007:addChannel = 1 0.06921908295838561 0  211 -211
9000007:addChannel = 1 0.06372943983982556 0  211 -211 211 -211
9000007:addChannel = 1 0.10597000929042137 0  211 -211 111 111
9000007:addChannel = 1 0.030296730410986454 0  211 -211 111
9000007:addChannel = 1 8.518569202870736e-05 0  111 22
9000007:addChannel = 1 0.03922338591841039 91 321 -321
9000007:addChannel = 1 0.03922338591841039 91 130 310
