9000006:new = darkPhoton void 1 0 0 0.5800000000000001 1.e-5 0. 0. 0. 
9000006:addChannel = 1 0.32543990908252185 0  11 -11
9000006:addChannel = 1 0.3231863816030459 0  13 -13
9000006:addChannel = 1 0.3511822058922194 0  211 -211
9000006:addChannel = 1 0.00010783607598644767 0  211 -211 111
9000006:addChannel = 1 8.366734622632818e-05 0  111 22
9000007:new = darkPhoton void 1 0 0 0.5800000000000001 1.e-5 0. 0. 0. 
9000007:addChannel = 1 0.32543990908252185 0  11 -11
9000007:addChannel = 1 0.3231863816030459 0  13 -13
9000007:addChannel = 1 0.3511822058922194 0  211 -211
9000007:addChannel = 1 0.00010783607598644767 0  211 -211 111
9000007:addChannel = 1 8.366734622632818e-05 0  111 22
