9000006:new = darkPhoton void 1 0 0 10.0 1.e-5 0. 0. 0. 
9000006:addChannel = 1 0.1548174422907519 0  11 -11
9000006:addChannel = 1 0.15481743071156076 0  13 -13
9000006:addChannel = 1 0.1538495843130979 0  15 -15
9000006:addChannel = 1 0.051605446359917054 91  1 -1
9000006:addChannel = 1 0.20642178543966822 91  2 -2
9000006:addChannel = 1 0.051603872391632874 91  3 -3
9000006:addChannel = 1 0.20577642198819374 91  4 -4
9000006:addChannel = 1 0.021108016505177497 91  5 -5
9000007:new = darkPhoton void 1 0 0 10.0 1.e-5 0. 0. 0. 
9000007:addChannel = 1 0.1548174422907519 0  11 -11
9000007:addChannel = 1 0.15481743071156076 0  13 -13
9000007:addChannel = 1 0.1538495843130979 0  15 -15
9000007:addChannel = 1 0.051605446359917054 91  1 -1
9000007:addChannel = 1 0.20642178543966822 91  2 -2
9000007:addChannel = 1 0.051603872391632874 91  3 -3
9000007:addChannel = 1 0.20577642198819374 91  4 -4
9000007:addChannel = 1 0.021108016505177497 91  5 -5
