9000006:new = darkPhoton void 1 0 0 0.8400000000000001 1.e-5 0. 0. 0. 
9000006:addChannel = 1 0.17388355728815086 0  11 -11
9000006:addChannel = 1 0.17361666558496813 0  13 -13
9000006:addChannel = 1 0.6241550288863298 0  211 -211
9000006:addChannel = 1 0.00021229443509327838 0  211 -211 211 -211
9000006:addChannel = 1 0.0269399655860816 0  211 -211 111
9000006:addChannel = 1 0.001283243264431875 0  111 22
9000007:new = darkPhoton void 1 0 0 0.8400000000000001 1.e-5 0. 0. 0. 
9000007:addChannel = 1 0.17388355728815086 0  11 -11
9000007:addChannel = 1 0.17361666558496813 0  13 -13
9000007:addChannel = 1 0.6241550288863298 0  211 -211
9000007:addChannel = 1 0.00021229443509327838 0  211 -211 211 -211
9000007:addChannel = 1 0.0269399655860816 0  211 -211 111
9000007:addChannel = 1 0.001283243264431875 0  111 22
