9000006:new = darkPhoton void 1 0 0 1.08 1.e-5 0. 0. 0. 
9000006:addChannel = 1 0.32480363112455557 0  11 -11
9000006:addChannel = 1 0.3246227689368166 0  13 -13
9000006:addChannel = 1 0.13671309637667778 0  211 -211
9000006:addChannel = 1 0.012623817927290771 0  211 -211 211 -211
9000006:addChannel = 1 0.05083176827100822 0  211 -211 111 111
9000006:addChannel = 1 0.01504522899732506 0  211 -211 111
9000006:addChannel = 1 0.0001471847654441366 0  111 22
9000006:addChannel = 1 0.06760625180044093 91 321 -321
9000006:addChannel = 1 0.06760625180044093 91 130 310
9000007:new = darkPhoton void 1 0 0 1.08 1.e-5 0. 0. 0. 
9000007:addChannel = 1 0.32480363112455557 0  11 -11
9000007:addChannel = 1 0.3246227689368166 0  13 -13
9000007:addChannel = 1 0.13671309637667778 0  211 -211
9000007:addChannel = 1 0.012623817927290771 0  211 -211 211 -211
9000007:addChannel = 1 0.05083176827100822 0  211 -211 111 111
9000007:addChannel = 1 0.01504522899732506 0  211 -211 111
9000007:addChannel = 1 0.0001471847654441366 0  111 22
9000007:addChannel = 1 0.06760625180044093 91 321 -321
9000007:addChannel = 1 0.06760625180044093 91 130 310
