9000006:new = darkPhoton void 1 0 0 1.3 1.e-5 0. 0. 0. 
9000006:addChannel = 1 0.3040287788304692 0  11 -11
9000006:addChannel = 1 0.3039484630634043 0  13 -13
9000006:addChannel = 1 0.04224479881849974 0  211 -211
9000006:addChannel = 1 0.10458285962990807 0  211 -211 211 -211
9000006:addChannel = 1 0.14258645698372216 0  211 -211 111 111
9000006:addChannel = 1 0.032174605591686084 0  211 -211 111
9000006:addChannel = 1 6.353593420000055e-05 0  111 22
9000006:addChannel = 1 0.035185250574055235 0 321 -321
9000006:addChannel = 1 0.035185250574055235 0 130 310
9000007:new = darkPhoton void 1 0 0 1.3 1.e-5 0. 0. 0. 
9000007:addChannel = 1 0.3040287788304692 0  11 -11
9000007:addChannel = 1 0.3039484630634043 0  13 -13
9000007:addChannel = 1 0.04224479881849974 0  211 -211
9000007:addChannel = 1 0.10458285962990807 0  211 -211 211 -211
9000007:addChannel = 1 0.14258645698372216 0  211 -211 111 111
9000007:addChannel = 1 0.032174605591686084 0  211 -211 111
9000007:addChannel = 1 6.353593420000055e-05 0  111 22
9000007:addChannel = 1 0.035185250574055235 0 321 -321
9000007:addChannel = 1 0.035185250574055235 0 130 310
