9000006:new = darkPhoton void 1 0 0 3.5 1.e-5 0. 0. 0. 
9000006:addChannel = 1 0.19534399142518055 0  11 -11
9000006:addChannel = 1 0.1953430167721351 0  13 -13
9000006:addChannel = 1 0.06508341486711952 91  1 -1
9000006:addChannel = 1 0.2603336594684781 91  2 -2
9000006:addChannel = 1 0.06494730214275479 91  3 -3
9000006:addChannel = 1 0.18343877974071263 91  4 -4
9000007:new = darkPhoton void 1 0 0 3.5 1.e-5 0. 0. 0. 
9000007:addChannel = 1 0.19534399142518055 0  11 -11
9000007:addChannel = 1 0.1953430167721351 0  13 -13
9000007:addChannel = 1 0.06508341486711952 91  1 -1
9000007:addChannel = 1 0.2603336594684781 91  2 -2
9000007:addChannel = 1 0.06494730214275479 91  3 -3
9000007:addChannel = 1 0.18343877974071263 91  4 -4
