9000006:new = darkPhoton void 1 0 0 0.74 1.e-5 0. 0. 0. 
9000006:addChannel = 1 0.1002129856821581 0  11 -11
9000006:addChannel = 1 0.09995594851961749 0  13 -13
9000006:addChannel = 1 0.7921936731171088 0  211 -211
9000006:addChannel = 1 0.006597783167647555 0  211 -211 111
9000006:addChannel = 1 0.0010396095134681265 0  111 22
9000007:new = darkPhoton void 1 0 0 0.74 1.e-5 0. 0. 0. 
9000007:addChannel = 1 0.1002129856821581 0  11 -11
9000007:addChannel = 1 0.09995594851961749 0  13 -13
9000007:addChannel = 1 0.7921936731171088 0  211 -211
9000007:addChannel = 1 0.006597783167647555 0  211 -211 111
9000007:addChannel = 1 0.0010396095134681265 0  111 22
