9000006:new = darkPhoton void 1 0 0 0.64 1.e-5 0. 0. 0. 
9000006:addChannel = 1 0.24101626372970641 0  11 -11
9000006:addChannel = 1 0.23990035292820341 0  13 -13
9000006:addChannel = 1 0.518522389789355 0  211 -211
9000006:addChannel = 1 0.0004016022670423607 0  211 -211 111
9000006:addChannel = 1 0.0001593912856927555 0  111 22
9000007:new = darkPhoton void 1 0 0 0.64 1.e-5 0. 0. 0. 
9000007:addChannel = 1 0.24101626372970641 0  11 -11
9000007:addChannel = 1 0.23990035292820341 0  13 -13
9000007:addChannel = 1 0.518522389789355 0  211 -211
9000007:addChannel = 1 0.0004016022670423607 0  211 -211 111
9000007:addChannel = 1 0.0001593912856927555 0  111 22
