9000006:new = darkPhoton void 1 0 0 1.04 1.e-5 0. 0. 0. 
9000006:addChannel = 1 0.26266285282487045 0  11 -11
9000006:addChannel = 1 0.26249258369009204 0  13 -13
9000006:addChannel = 1 0.13807660847302616 0  211 -211
9000006:addChannel = 1 0.005658020512702513 0  211 -211 211 -211
9000006:addChannel = 1 0.027288043779985335 0  211 -211 111 111
9000006:addChannel = 1 0.00035065490852131693 0  211 -211 111
9000006:addChannel = 1 0.00014817336853561775 0  111 22
9000006:addChannel = 1 0.15166153122113324 91 321 -321
9000006:addChannel = 1 0.15166153122113324 91 130 310
9000007:new = darkPhoton void 1 0 0 1.04 1.e-5 0. 0. 0. 
9000007:addChannel = 1 0.26266285282487045 0  11 -11
9000007:addChannel = 1 0.26249258369009204 0  13 -13
9000007:addChannel = 1 0.13807660847302616 0  211 -211
9000007:addChannel = 1 0.005658020512702513 0  211 -211 211 -211
9000007:addChannel = 1 0.027288043779985335 0  211 -211 111 111
9000007:addChannel = 1 0.00035065490852131693 0  211 -211 111
9000007:addChannel = 1 0.00014817336853561775 0  111 22
9000007:addChannel = 1 0.15166153122113324 91 321 -321
9000007:addChannel = 1 0.15166153122113324 91 130 310
