9000006:new = darkPhoton void 1 0 0 4.0 1.e-5 0. 0. 0. 
9000006:addChannel = 1 0.16805912852837526 0  11 -11
9000006:addChannel = 1 0.168058637145175 0  13 -13
9000006:addChannel = 1 0.10759294978659917 0  15 -15
9000006:addChannel = 1 0.05600399531003582 91  1 -1
9000006:addChannel = 1 0.22401598124014327 91  2 -2
9000006:addChannel = 1 0.05593587707542056 91  3 -3
9000006:addChannel = 1 0.18989946922138753 91  4 -4
9000007:new = darkPhoton void 1 0 0 4.0 1.e-5 0. 0. 0. 
9000007:addChannel = 1 0.16805912852837526 0  11 -11
9000007:addChannel = 1 0.168058637145175 0  13 -13
9000007:addChannel = 1 0.10759294978659917 0  15 -15
9000007:addChannel = 1 0.05600399531003582 91  1 -1
9000007:addChannel = 1 0.22401598124014327 91  2 -2
9000007:addChannel = 1 0.05593587707542056 91  3 -3
9000007:addChannel = 1 0.18989946922138753 91  4 -4
