9000006:new = darkPhoton void 1 0 0 1.12 1.e-5 0. 0. 0. 
9000006:addChannel = 1 0.3339169014981737 0  11 -11
9000006:addChannel = 1 0.3337562859143174 0  13 -13
9000006:addChannel = 1 0.11573225889028212 0  211 -211
9000006:addChannel = 1 0.02298750733294325 0  211 -211 211 -211
9000006:addChannel = 1 0.06817915294791482 0  211 -211 111 111
9000006:addChannel = 1 0.02297675520871501 0  211 -211 111
9000006:addChannel = 1 0.00012564291252675045 0  111 22
9000006:addChannel = 1 0.05116274764756347 91 321 -321
9000006:addChannel = 1 0.05116274764756347 91 130 310
9000007:new = darkPhoton void 1 0 0 1.12 1.e-5 0. 0. 0. 
9000007:addChannel = 1 0.3339169014981737 0  11 -11
9000007:addChannel = 1 0.3337562859143174 0  13 -13
9000007:addChannel = 1 0.11573225889028212 0  211 -211
9000007:addChannel = 1 0.02298750733294325 0  211 -211 211 -211
9000007:addChannel = 1 0.06817915294791482 0  211 -211 111 111
9000007:addChannel = 1 0.02297675520871501 0  211 -211 111
9000007:addChannel = 1 0.00012564291252675045 0  111 22
9000007:addChannel = 1 0.05116274764756347 91 321 -321
9000007:addChannel = 1 0.05116274764756347 91 130 310
