9000006:new = darkPhoton void 1 0 0 1.62 1.e-5 0. 0. 0. 
9000006:addChannel = 1 0.24195389213717133 0  11 -11
9000006:addChannel = 1 0.24192747131878448 0  13 -13
9000006:addChannel = 1 0.001338150195853919 0  211 -211
9000006:addChannel = 1 0.17778530040348267 0  211 -211 211 -211
9000006:addChannel = 1 0.19262191306933488 0  211 -211 111 111
9000006:addChannel = 1 0.043505579333774226 0  211 -211 111
9000006:addChannel = 1 2.856991558355888e-05 0  111 22
9000006:addChannel = 1 0.021936749630617938 0 321 -321
9000006:addChannel = 1 0.021936749630617938 0 130 310
9000006:addChannel = 1 0.014879641823809193 0 321 -321 111
9000006:addChannel = 1 0.0210429912704849 0 130 321 -211
9000006:addChannel = 1 0.0210429912704849 0 130 -321 211
9000007:new = darkPhoton void 1 0 0 1.62 1.e-5 0. 0. 0. 
9000007:addChannel = 1 0.24195389213717133 0  11 -11
9000007:addChannel = 1 0.24192747131878448 0  13 -13
9000007:addChannel = 1 0.001338150195853919 0  211 -211
9000007:addChannel = 1 0.17778530040348267 0  211 -211 211 -211
9000007:addChannel = 1 0.19262191306933488 0  211 -211 111 111
9000007:addChannel = 1 0.043505579333774226 0  211 -211 111
9000007:addChannel = 1 2.856991558355888e-05 0  111 22
9000007:addChannel = 1 0.021936749630617938 0 321 -321
9000007:addChannel = 1 0.021936749630617938 0 130 310
9000007:addChannel = 1 0.014879641823809193 0 321 -321 111
9000007:addChannel = 1 0.0210429912704849 0 130 321 -211
9000007:addChannel = 1 0.0210429912704849 0 130 -321 211
