9000006:new = darkPhoton void 1 0 0 2.16 1.e-5 0. 0. 0. 
9000006:addChannel = 1 0.2392292996522389 0  11 -11
9000006:addChannel = 1 0.2392210547802996 0  13 -13
9000006:addChannel = 1 0.07947386664013616 91  1 -1
9000006:addChannel = 1 0.3178954665605446 91  2 -2
9000006:addChannel = 1 0.07825735586702132 91  3 -3
9000007:new = darkPhoton void 1 0 0 2.16 1.e-5 0. 0. 0. 
9000007:addChannel = 1 0.2392292996522389 0  11 -11
9000007:addChannel = 1 0.2392210547802996 0  13 -13
9000007:addChannel = 1 0.07947386664013616 91  1 -1
9000007:addChannel = 1 0.3178954665605446 91  2 -2
9000007:addChannel = 1 0.07825735586702132 91  3 -3
