9000006:new = darkPhoton void 1 0 0 0.66 1.e-5 0. 0. 0. 
9000006:addChannel = 1 0.20828807252162246 0  11 -11
9000006:addChannel = 1 0.20743739897581726 0  13 -13
9000006:addChannel = 1 0.5834565487488268 0  211 -211
9000006:addChannel = 1 0.0006174025056561839 0  211 -211 111
9000006:addChannel = 1 0.00020057724807730445 0  111 22
9000007:new = darkPhoton void 1 0 0 0.66 1.e-5 0. 0. 0. 
9000007:addChannel = 1 0.20828807252162246 0  11 -11
9000007:addChannel = 1 0.20743739897581726 0  13 -13
9000007:addChannel = 1 0.5834565487488268 0  211 -211
9000007:addChannel = 1 0.0006174025056561839 0  211 -211 111
9000007:addChannel = 1 0.00020057724807730445 0  111 22
