663:new = darkPhoton void 1 0 0 1.7 1.e-5 0. 0. 0. 
663:addChannel = 1 0.21809486407425757 0  11 -11
663:addChannel = 1 0.21807523525705103 0  13 -13
663:addChannel = 1 0.005993464959624966 0  211 -211
663:addChannel = 1 0.12928227352594474 0  211 -211 211 -211
663:addChannel = 1 0.16326363429735646 0  211 -211 111 111
663:addChannel = 1 0.020670244548784432 0  211 -211 111
663:addChannel = 1 2.3403759863809725e-05 0  111 22
663:addChannel = 1 0.01580577098919037 0  311 311
663:addChannel = 1 0.06150057072030292 0  311 311 111
