9000006:new = darkPhoton void 1 0 0 6.0 1.e-5 0. 0. 0. 
9000006:addChannel = 1 0.1556124647341375 0  11 -11
9000006:addChannel = 1 0.15561237490593338 0  13 -13
9000006:addChannel = 1 0.14737409970475074 0  15 -15
9000006:addChannel = 1 0.05186796211006854 91  1 -1
9000006:addChannel = 1 0.20747184844027416 91  2 -2
9000006:addChannel = 1 0.05185567147582649 91  3 -3
9000006:addChannel = 1 0.20214652140790978 91  4 -4
9000007:new = darkPhoton void 1 0 0 6.0 1.e-5 0. 0. 0. 
9000007:addChannel = 1 0.1556124647341375 0  11 -11
9000007:addChannel = 1 0.15561237490593338 0  13 -13
9000007:addChannel = 1 0.14737409970475074 0  15 -15
9000007:addChannel = 1 0.05186796211006854 91  1 -1
9000007:addChannel = 1 0.20747184844027416 91  2 -2
9000007:addChannel = 1 0.05185567147582649 91  3 -3
9000007:addChannel = 1 0.20214652140790978 91  4 -4
