663:new = darkPhoton void 1 0 0 1.6 1.e-5 0. 0. 0. 
663:addChannel = 1 0.22802705567024073 0  11 -11
663:addChannel = 1 0.2280008833042352 0  13 -13
663:addChannel = 1 0.0008062580634388876 0  211 -211
663:addChannel = 1 0.17432668405990992 0  211 -211 211 -211
663:addChannel = 1 0.18351845467397793 0  211 -211 111 111
663:addChannel = 1 0.04277385096620726 0  211 -211 111
663:addChannel = 1 2.762319752389469e-05 0  111 22
663:addChannel = 1 0.04175859470489379 0  311 311
663:addChannel = 1 0.04907370265079558 0  311 311 111
