9000006:new = darkPhoton void 1 0 0 2.06 1.e-5 0. 0. 0. 
9000006:addChannel = 1 0.2509057072197221 0  11 -11
9000006:addChannel = 1 0.25089525123106676 0  13 -13
9000006:addChannel = 1 0.08329276074849855 91  1 -1
9000006:addChannel = 1 0.3331710429939942 91  2 -2
9000006:addChannel = 1 0.0817352378067184 91  3 -3
9000007:new = darkPhoton void 1 0 0 2.06 1.e-5 0. 0. 0. 
9000007:addChannel = 1 0.2509057072197221 0  11 -11
9000007:addChannel = 1 0.25089525123106676 0  13 -13
9000007:addChannel = 1 0.08329276074849855 91  1 -1
9000007:addChannel = 1 0.3331710429939942 91  2 -2
9000007:addChannel = 1 0.0817352378067184 91  3 -3
