9000006:new = darkPhoton void 1 0 0 1.1400000000000001 1.e-5 0. 0. 0. 
9000006:addChannel = 1 0.33692553996506036 0  11 -11
9000006:addChannel = 1 0.33677461831655253 0  13 -13
9000006:addChannel = 1 0.10636739296699518 0  211 -211
9000006:addChannel = 1 0.029998165450796498 0  211 -211 211 -211
9000006:addChannel = 1 0.07596997075134028 0  211 -211 111 111
9000006:addChannel = 1 0.02542153737867993 0  211 -211 111
9000006:addChannel = 1 0.00011666720672372956 0  111 22
9000006:addChannel = 1 0.0442130539819257 0 321 -321
9000006:addChannel = 1 0.0442130539819257 0 130 310
9000007:new = darkPhoton void 1 0 0 1.1400000000000001 1.e-5 0. 0. 0. 
9000007:addChannel = 1 0.33692553996506036 0  11 -11
9000007:addChannel = 1 0.33677461831655253 0  13 -13
9000007:addChannel = 1 0.10636739296699518 0  211 -211
9000007:addChannel = 1 0.029998165450796498 0  211 -211 211 -211
9000007:addChannel = 1 0.07596997075134028 0  211 -211 111 111
9000007:addChannel = 1 0.02542153737867993 0  211 -211 111
9000007:addChannel = 1 0.00011666720672372956 0  111 22
9000007:addChannel = 1 0.0442130539819257 0 321 -321
9000007:addChannel = 1 0.0442130539819257 0 130 310
