9000006:new = darkPhoton void 1 0 0 2.18 1.e-5 0. 0. 0. 
9000006:addChannel = 1 0.2392292281484563 0  11 -11
9000006:addChannel = 1 0.2392212821712272 0  13 -13
9000006:addChannel = 1 0.07948374704387454 91  1 -1
9000006:addChannel = 1 0.31793498817549815 91  2 -2
9000006:addChannel = 1 0.07831336040677804 91  3 -3
9000007:new = darkPhoton void 1 0 0 2.18 1.e-5 0. 0. 0. 
9000007:addChannel = 1 0.2392292281484563 0  11 -11
9000007:addChannel = 1 0.2392212821712272 0  13 -13
9000007:addChannel = 1 0.07948374704387454 91  1 -1
9000007:addChannel = 1 0.31793498817549815 91  2 -2
9000007:addChannel = 1 0.07831336040677804 91  3 -3
