9000006:new = darkPhoton void 1 0 0 0.86 1.e-5 0. 0. 0. 
9000006:addChannel = 1 0.20425754204585808 0  11 -11
9000006:addChannel = 1 0.20397248285216402 0  13 -13
9000006:addChannel = 1 0.5672231942617718 0  211 -211
9000006:addChannel = 1 0.0003436837402466177 0  211 -211 211 -211
9000006:addChannel = 1 0.023372994449084646 0  211 -211 111
9000006:addChannel = 1 0.0008752639934213607 0  111 22
9000007:new = darkPhoton void 1 0 0 0.86 1.e-5 0. 0. 0. 
9000007:addChannel = 1 0.20425754204585808 0  11 -11
9000007:addChannel = 1 0.20397248285216402 0  13 -13
9000007:addChannel = 1 0.5672231942617718 0  211 -211
9000007:addChannel = 1 0.0003436837402466177 0  211 -211 211 -211
9000007:addChannel = 1 0.023372994449084646 0  211 -211 111
9000007:addChannel = 1 0.0008752639934213607 0  111 22
