9000006:new = darkPhoton void 1 0 0 55.0 1.e-5 0. 0. 0. 
9000006:addChannel = 1 0.14605655507869178 0  11 -11
9000006:addChannel = 1 0.14605655506675563 0  13 -13
9000006:addChannel = 1 0.1460555992047399 0  15 -15
9000006:addChannel = 1 0.04868551798096718 91  1 -1
9000006:addChannel = 1 0.19474207192386872 91  2 -2
9000006:addChannel = 1 0.04868551636417219 91  3 -3
9000006:addChannel = 1 0.19474142636040895 91  4 -4
9000006:addChannel = 1 0.04866839733351964 91  5 -5
9000007:new = darkPhoton void 1 0 0 55.0 1.e-5 0. 0. 0. 
9000007:addChannel = 1 0.14605655507869178 0  11 -11
9000007:addChannel = 1 0.14605655506675563 0  13 -13
9000007:addChannel = 1 0.1460555992047399 0  15 -15
9000007:addChannel = 1 0.04868551798096718 91  1 -1
9000007:addChannel = 1 0.19474207192386872 91  2 -2
9000007:addChannel = 1 0.04868551636417219 91  3 -3
9000007:addChannel = 1 0.19474142636040895 91  4 -4
9000007:addChannel = 1 0.04866839733351964 91  5 -5
