9000006:new = darkPhoton void 1 0 0 2.08 1.e-5 0. 0. 0. 
9000006:addChannel = 1 0.2508701095604677 0  11 -11
9000006:addChannel = 1 0.25086005207006934 0  13 -13
9000006:addChannel = 1 0.08329415962162844 91  1 -1
9000006:addChannel = 1 0.33317663848651374 91  2 -2
9000006:addChannel = 1 0.0817990402613208 91  3 -3
9000007:new = darkPhoton void 1 0 0 2.08 1.e-5 0. 0. 0. 
9000007:addChannel = 1 0.2508701095604677 0  11 -11
9000007:addChannel = 1 0.25086005207006934 0  13 -13
9000007:addChannel = 1 0.08329415962162844 91  1 -1
9000007:addChannel = 1 0.33317663848651374 91  2 -2
9000007:addChannel = 1 0.0817990402613208 91  3 -3
