9000006:new = darkPhoton void 1 0 0 1.0 1.e-5 0. 0. 0. 
9000006:addChannel = 1 0.31405561993250275 0  11 -11
9000006:addChannel = 1 0.3138171782715473 0  13 -13
9000006:addChannel = 1 0.21556149640935943 0  211 -211
9000006:addChannel = 1 0.0038434126767355413 0  211 -211 211 -211
9000006:addChannel = 1 0.01805003270000805 0  211 -211 111 111
9000006:addChannel = 1 0.10583328930547746 0  211 -211 111
9000006:addChannel = 1 0.00023070211784631157 0  111 22
9000006:addChannel = 1 0.014304134293261588 91 321 -321
9000006:addChannel = 1 0.014304134293261588 91 130 310
9000007:new = darkPhoton void 1 0 0 1.0 1.e-5 0. 0. 0. 
9000007:addChannel = 1 0.31405561993250275 0  11 -11
9000007:addChannel = 1 0.3138171782715473 0  13 -13
9000007:addChannel = 1 0.21556149640935943 0  211 -211
9000007:addChannel = 1 0.0038434126767355413 0  211 -211 211 -211
9000007:addChannel = 1 0.01805003270000805 0  211 -211 111 111
9000007:addChannel = 1 0.10583328930547746 0  211 -211 111
9000007:addChannel = 1 0.00023070211784631157 0  111 22
9000007:addChannel = 1 0.014304134293261588 91 321 -321
9000007:addChannel = 1 0.014304134293261588 91 130 310
