9000006:new = darkPhoton void 1 0 0 2.04 1.e-5 0. 0. 0. 
9000006:addChannel = 1 0.23922980729607166 0  11 -11
9000006:addChannel = 1 0.23921944040973203 0  13 -13
9000006:addChannel = 1 0.07940348661458799 91  1 -1
9000006:addChannel = 1 0.31761394645835195 91  2 -2
9000006:addChannel = 1 0.07785598435480898 91  3 -3
9000007:new = darkPhoton void 1 0 0 2.04 1.e-5 0. 0. 0. 
9000007:addChannel = 1 0.23922980729607166 0  11 -11
9000007:addChannel = 1 0.23921944040973203 0  13 -13
9000007:addChannel = 1 0.07940348661458799 91  1 -1
9000007:addChannel = 1 0.31761394645835195 91  2 -2
9000007:addChannel = 1 0.07785598435480898 91  3 -3
