9000006:new = darkPhoton void 1 0 0 1.52 1.e-5 0. 0. 0. 
9000006:addChannel = 1 0.23234579042098738 0  11 -11
9000006:addChannel = 1 0.2323130281621021 0  13 -13
9000006:addChannel = 1 0.0010307091608866212 0  211 -211
9000006:addChannel = 1 0.1914808128017588 0  211 -211 211 -211
9000006:addChannel = 1 0.19378568304273516 0  211 -211 111 111
9000006:addChannel = 1 0.03017581659261188 0  211 -211 111
9000006:addChannel = 1 3.142012123863253e-05 0  111 22
9000006:addChannel = 1 0.020727567963457875 91 321 -321
9000006:addChannel = 1 0.020727567963457875 91 130 310
9000006:addChannel = 1 0.005185570799212801 91 321 -321 111
9000006:addChannel = 1 0.005185570799212801 91 130 321 -111
9000006:addChannel = 1 0.005185570799212801 91 130 -321 111
9000007:new = darkPhoton void 1 0 0 1.52 1.e-5 0. 0. 0. 
9000007:addChannel = 1 0.23234579042098738 0  11 -11
9000007:addChannel = 1 0.2323130281621021 0  13 -13
9000007:addChannel = 1 0.0010307091608866212 0  211 -211
9000007:addChannel = 1 0.1914808128017588 0  211 -211 211 -211
9000007:addChannel = 1 0.19378568304273516 0  211 -211 111 111
9000007:addChannel = 1 0.03017581659261188 0  211 -211 111
9000007:addChannel = 1 3.142012123863253e-05 0  111 22
9000007:addChannel = 1 0.020727567963457875 91 321 -321
9000007:addChannel = 1 0.020727567963457875 91 130 310
9000007:addChannel = 1 0.005185570799212801 91 321 -321 111
9000007:addChannel = 1 0.005185570799212801 91 130 321 -111
9000007:addChannel = 1 0.005185570799212801 91 130 -321 111
