9000006:new = darkPhoton void 1 0 0 0.78 1.e-5 0. 0. 0. 
9000006:addChannel = 1 0.050063734671235795 0  11 -11
9000006:addChannel = 1 0.04996000897016744 0  13 -13
9000006:addChannel = 1 0.44967246481753675 0  211 -211
9000006:addChannel = 1 0.4065611040093659 0  211 -211 111
9000006:addChannel = 1 0.043742687531693906 0  111 22
9000007:new = darkPhoton void 1 0 0 0.78 1.e-5 0. 0. 0. 
9000007:addChannel = 1 0.050063734671235795 0  11 -11
9000007:addChannel = 1 0.04996000897016744 0  13 -13
9000007:addChannel = 1 0.44967246481753675 0  211 -211
9000007:addChannel = 1 0.4065611040093659 0  211 -211 111
9000007:addChannel = 1 0.043742687531693906 0  111 22
