9000006:new = darkPhoton void 1 0 0 0.30000000000000004 1.e-5 0. 0. 0. 
9000006:addChannel = 1 0.5254993878831234 0  11 -11
9000006:addChannel = 1 0.46553890882812504 0  13 -13
9000006:addChannel = 1 0.008958713565084004 0  211 -211
9000006:addChannel = 1 2.989723667634459e-06 0  111 22
9000007:new = darkPhoton void 1 0 0 0.30000000000000004 1.e-5 0. 0. 0. 
9000007:addChannel = 1 0.5254993878831234 0  11 -11
9000007:addChannel = 1 0.46553890882812504 0  13 -13
9000007:addChannel = 1 0.008958713565084004 0  211 -211
9000007:addChannel = 1 2.989723667634459e-06 0  111 22
