9000006:new = darkPhoton void 1 0 0 0.5 1.e-5 0. 0. 0. 
9000006:addChannel = 1 0.4012649831770518 0  11 -11
9000006:addChannel = 1 0.39614530899975964 0  13 -13
9000006:addChannel = 1 0.20253850025994272 0  211 -211
9000006:addChannel = 1 1.528551942170794e-05 0  211 -211 111
9000006:addChannel = 1 3.592204382421118e-05 0  111 22
9000007:new = darkPhoton void 1 0 0 0.5 1.e-5 0. 0. 0. 
9000007:addChannel = 1 0.4012649831770518 0  11 -11
9000007:addChannel = 1 0.39614530899975964 0  13 -13
9000007:addChannel = 1 0.20253850025994272 0  211 -211
9000007:addChannel = 1 1.528551942170794e-05 0  211 -211 111
9000007:addChannel = 1 3.592204382421118e-05 0  111 22
