9000006:new = darkPhoton void 1 0 0 1.44 1.e-5 0. 0. 0. 
9000006:addChannel = 1 0.26248555949208885 0  11 -11
9000006:addChannel = 1 0.2624395768818895 0  13 -13
9000006:addChannel = 1 0.008686959591391506 0  211 -211
9000006:addChannel = 1 0.18676372528982882 0  211 -211 211 -211
9000006:addChannel = 1 0.19524725857261394 0  211 -211 111 111
9000006:addChannel = 1 0.022838270064333182 0  211 -211 111
9000006:addChannel = 1 4.064588888735383e-05 0  111 22
9000006:addChannel = 1 0.025806267781467173 0 321 -321
9000006:addChannel = 1 0.025806267781467173 0 130 310
9000006:addChannel = 1 0.002582122718788298 0 321 -321 111
9000006:addChannel = 1 0.0036516729686221004 0 130 321 -211
9000006:addChannel = 1 0.0036516729686221004 0 130 -321 211
9000007:new = darkPhoton void 1 0 0 1.44 1.e-5 0. 0. 0. 
9000007:addChannel = 1 0.26248555949208885 0  11 -11
9000007:addChannel = 1 0.2624395768818895 0  13 -13
9000007:addChannel = 1 0.008686959591391506 0  211 -211
9000007:addChannel = 1 0.18676372528982882 0  211 -211 211 -211
9000007:addChannel = 1 0.19524725857261394 0  211 -211 111 111
9000007:addChannel = 1 0.022838270064333182 0  211 -211 111
9000007:addChannel = 1 4.064588888735383e-05 0  111 22
9000007:addChannel = 1 0.025806267781467173 0 321 -321
9000007:addChannel = 1 0.025806267781467173 0 130 310
9000007:addChannel = 1 0.002582122718788298 0 321 -321 111
9000007:addChannel = 1 0.0036516729686221004 0 130 321 -211
9000007:addChannel = 1 0.0036516729686221004 0 130 -321 211
