9000006:new = darkPhoton void 1 0 0 0.76 1.e-5 0. 0. 0. 
9000006:addChannel = 1 0.0898346194455991 0  11 -11
9000006:addChannel = 1 0.08962782749193256 0  13 -13
9000006:addChannel = 1 0.7910387415291928 0  211 -211
9000006:addChannel = 1 0.026035417449785023 0  211 -211 111
9000006:addChannel = 1 0.0034633940834904284 0  111 22
9000007:new = darkPhoton void 1 0 0 0.76 1.e-5 0. 0. 0. 
9000007:addChannel = 1 0.0898346194455991 0  11 -11
9000007:addChannel = 1 0.08962782749193256 0  13 -13
9000007:addChannel = 1 0.7910387415291928 0  211 -211
9000007:addChannel = 1 0.026035417449785023 0  211 -211 111
9000007:addChannel = 1 0.0034633940834904284 0  111 22
