9000006:new = darkPhoton void 1 0 0 2.5 1.e-5 0. 0. 0. 
9000006:addChannel = 1 0.25040794350836604 0  11 -11
9000006:addChannel = 1 0.2504031382247907 0  13 -13
9000006:addChannel = 1 0.08331359133063597 91  1 -1
9000006:addChannel = 1 0.3332543653225439 91  2 -2
9000006:addChannel = 1 0.08262096161366342 91  3 -3
9000007:new = darkPhoton void 1 0 0 2.5 1.e-5 0. 0. 0. 
9000007:addChannel = 1 0.25040794350836604 0  11 -11
9000007:addChannel = 1 0.2504031382247907 0  13 -13
9000007:addChannel = 1 0.08331359133063597 91  1 -1
9000007:addChannel = 1 0.3332543653225439 91  2 -2
9000007:addChannel = 1 0.08262096161366342 91  3 -3
