9000006:new = darkPhoton void 1 0 0 0.52 1.e-5 0. 0. 0. 
9000006:addChannel = 1 0.38556020802590973 0  11 -11
9000006:addChannel = 1 0.3813770167717961 0  13 -13
9000006:addChannel = 1 0.23299017810928066 0  211 -211
9000006:addChannel = 1 2.8153567834188656e-05 0  211 -211 111
9000006:addChannel = 1 4.4443525179395294e-05 0  111 22
9000007:new = darkPhoton void 1 0 0 0.52 1.e-5 0. 0. 0. 
9000007:addChannel = 1 0.38556020802590973 0  11 -11
9000007:addChannel = 1 0.3813770167717961 0  13 -13
9000007:addChannel = 1 0.23299017810928066 0  211 -211
9000007:addChannel = 1 2.8153567834188656e-05 0  211 -211 111
9000007:addChannel = 1 4.4443525179395294e-05 0  111 22
