9000006:new = darkPhoton void 1 0 0 8.0 1.e-5 0. 0. 0. 
9000006:addChannel = 1 0.15414538042173132 0  11 -11
9000006:addChannel = 1 0.15414535227258166 0  13 -13
9000006:addChannel = 1 0.15172780941422137 0  15 -15
9000006:addChannel = 1 0.05138089884219222 91  1 -1
9000006:addChannel = 1 0.20552359536876888 91  2 -2
9000006:addChannel = 1 0.05137706461186484 91  3 -3
9000006:addChannel = 1 0.2039253450253526 91  4 -4
9000007:new = darkPhoton void 1 0 0 8.0 1.e-5 0. 0. 0. 
9000007:addChannel = 1 0.15414538042173132 0  11 -11
9000007:addChannel = 1 0.15414535227258166 0  13 -13
9000007:addChannel = 1 0.15172780941422137 0  15 -15
9000007:addChannel = 1 0.05138089884219222 91  1 -1
9000007:addChannel = 1 0.20552359536876888 91  2 -2
9000007:addChannel = 1 0.05137706461186484 91  3 -3
9000007:addChannel = 1 0.2039253450253526 91  4 -4
