9000006:new = darkPhoton void 1 0 0 1.32 1.e-5 0. 0. 0. 
9000006:addChannel = 1 0.29861716876878647 0  11 -11
9000006:addChannel = 1 0.298542976079664 0  13 -13
9000006:addChannel = 1 0.036825469252571706 0  211 -211
9000006:addChannel = 1 0.11692952477480945 0  211 -211 211 -211
9000006:addChannel = 1 0.15146758651461192 0  211 -211 111 111
9000006:addChannel = 1 0.03147685054377431 0  211 -211 111
9000006:addChannel = 1 5.943078892837188e-05 0  111 22
9000006:addChannel = 1 0.03304049663842682 0 321 -321
9000006:addChannel = 1 0.03304049663842682 0 130 310
9000007:new = darkPhoton void 1 0 0 1.32 1.e-5 0. 0. 0. 
9000007:addChannel = 1 0.29861716876878647 0  11 -11
9000007:addChannel = 1 0.298542976079664 0  13 -13
9000007:addChannel = 1 0.036825469252571706 0  211 -211
9000007:addChannel = 1 0.11692952477480945 0  211 -211 211 -211
9000007:addChannel = 1 0.15146758651461192 0  211 -211 111 111
9000007:addChannel = 1 0.03147685054377431 0  211 -211 111
9000007:addChannel = 1 5.943078892837188e-05 0  111 22
9000007:addChannel = 1 0.03304049663842682 0 321 -321
9000007:addChannel = 1 0.03304049663842682 0 130 310
