9000006:new = phi void 1 0 0 0.74 1.e**-5 0. 0. 0. 
9000006:addChannel = 1 1.7766527767328003e-06 0 11 -11
9000006:addChannel = 1 0.06686014553166801 0 13 -13
9000006:addChannel = 1 0.6092599647253094 0 211 -211
9000006:addChannel = 1 0.3046299823626547 0 111 111
9000006:addChannel = 1 0.006209074428255215 0 211 -211 111 111
9000006:addChannel = 1 0.01241814885651043 0 211 -211 211 -211
9000006:addChannel = 1 0.0006209074428255218 0 111 111 111 111
9000007:new = phi void 1 0 0 0.74 1.e**-5 0. 0. 0. 
9000007:addChannel = 1 1.7766527767328003e-06 0 11 -11
9000007:addChannel = 1 0.06686014553166801 0 13 -13
9000007:addChannel = 1 0.6092599647253094 0 211 -211
9000007:addChannel = 1 0.3046299823626547 0 111 111
9000007:addChannel = 1 0.006209074428255215 0 211 -211 111 111
9000007:addChannel = 1 0.01241814885651043 0 211 -211 211 -211
9000007:addChannel = 1 0.0006209074428255218 0 111 111 111 111
