9000006:new = phi void 1 0 0 0.82 1.e**-5 0. 0. 0. 
9000006:addChannel = 1 1.2738639902746424e-06 0 11 -11
9000006:addChannel = 1 0.04912874115058507 0 13 -13
9000006:addChannel = 1 0.6213157143725808 0 211 -211
9000006:addChannel = 1 0.3106578571862904 0 111 111
9000006:addChannel = 1 0.006095617234372067 0 211 -211 111 111
9000006:addChannel = 1 0.012191234468744134 0 211 -211 211 -211
9000006:addChannel = 1 0.0006095617234372067 0 111 111 111 111
9000007:new = phi void 1 0 0 0.82 1.e**-5 0. 0. 0. 
9000007:addChannel = 1 1.2738639902746424e-06 0 11 -11
9000007:addChannel = 1 0.04912874115058507 0 13 -13
9000007:addChannel = 1 0.6213157143725808 0 211 -211
9000007:addChannel = 1 0.3106578571862904 0 111 111
9000007:addChannel = 1 0.006095617234372067 0 211 -211 111 111
9000007:addChannel = 1 0.012191234468744134 0 211 -211 211 -211
9000007:addChannel = 1 0.0006095617234372067 0 111 111 111 111
