9000006:new = phi void 1 0 0 0.84 1.e**-5 0. 0. 0. 
9000006:addChannel = 1 1.1061403927046625e-06 0 11 -11
9000006:addChannel = 1 0.04287455510425696 0 13 -13
9000006:addChannel = 1 0.6263730119080771 0 211 -211
9000006:addChannel = 1 0.3131865059540386 0 111 111
9000006:addChannel = 1 0.005666071255882177 0 211 -211 111 111
9000006:addChannel = 1 0.011332142511764355 0 211 -211 211 -211
9000006:addChannel = 1 0.0005666071255882178 0 111 111 111 111
9000007:new = phi void 1 0 0 0.84 1.e**-5 0. 0. 0. 
9000007:addChannel = 1 1.1061403927046625e-06 0 11 -11
9000007:addChannel = 1 0.04287455510425696 0 13 -13
9000007:addChannel = 1 0.6263730119080771 0 211 -211
9000007:addChannel = 1 0.3131865059540386 0 111 111
9000007:addChannel = 1 0.005666071255882177 0 211 -211 111 111
9000007:addChannel = 1 0.011332142511764355 0 211 -211 211 -211
9000007:addChannel = 1 0.0005666071255882178 0 111 111 111 111
