9000006:new = phi void 1 0 0 1.18 1.e**-5 0. 0. 0. 
9000006:addChannel = 1 1.6678838514172964e-06 0 11 -11
9000006:addChannel = 1 0.06790640273162546 0 13 -13
9000006:addChannel = 1 0.07734086538140365 0 211 -211
9000006:addChannel = 1 0.03867043269070183 0 111 111
9000006:addChannel = 1 0.3772248990947805 0 321 -321
9000006:addChannel = 1 0.3772248990947805 0 311 -311
9000006:addChannel = 1 0.019880913910598916 0 211 -211 111 111
9000006:addChannel = 1 0.03976182782119783 0 211 -211 211 -211
9000006:addChannel = 1 0.001988091391059892 0 111 111 111 111
9000007:new = phi void 1 0 0 1.18 1.e**-5 0. 0. 0. 
9000007:addChannel = 1 1.6678838514172964e-06 0 11 -11
9000007:addChannel = 1 0.06790640273162546 0 13 -13
9000007:addChannel = 1 0.07734086538140365 0 211 -211
9000007:addChannel = 1 0.03867043269070183 0 111 111
9000007:addChannel = 1 0.3772248990947805 0 321 -321
9000007:addChannel = 1 0.3772248990947805 0 311 -311
9000007:addChannel = 1 0.019880913910598916 0 211 -211 111 111
9000007:addChannel = 1 0.03976182782119783 0 211 -211 211 -211
9000007:addChannel = 1 0.001988091391059892 0 111 111 111 111
