9000006:new = phi void 1 0 0 1.22 1.e**-5 0. 0. 0. 
9000006:addChannel = 1 1.8034177161235434e-06 0 11 -11
9000006:addChannel = 1 0.07366003715365199 0 13 -13
9000006:addChannel = 1 0.05819714455642449 0 211 -211
9000006:addChannel = 1 0.029098572278212245 0 111 111
9000006:addChannel = 1 0.3835611014670813 0 321 -321
9000006:addChannel = 1 0.3835611014670813 0 311 -311
9000006:addChannel = 1 0.023200077309623438 0 211 -211 111 111
9000006:addChannel = 1 0.046400154619246875 0 211 -211 211 -211
9000006:addChannel = 1 0.0023200077309623434 0 111 111 111 111
9000007:new = phi void 1 0 0 1.22 1.e**-5 0. 0. 0. 
9000007:addChannel = 1 1.8034177161235434e-06 0 11 -11
9000007:addChannel = 1 0.07366003715365199 0 13 -13
9000007:addChannel = 1 0.05819714455642449 0 211 -211
9000007:addChannel = 1 0.029098572278212245 0 111 111
9000007:addChannel = 1 0.3835611014670813 0 321 -321
9000007:addChannel = 1 0.3835611014670813 0 311 -311
9000007:addChannel = 1 0.023200077309623438 0 211 -211 111 111
9000007:addChannel = 1 0.046400154619246875 0 211 -211 211 -211
9000007:addChannel = 1 0.0023200077309623434 0 111 111 111 111
