9000006:new = phi void 1 0 0 1.68 1.e**-5 0. 0. 0. 
9000006:addChannel = 1 2.7062679318036298e-06 0 11 -11
9000006:addChannel = 1 0.11296941857591285 0 13 -13
9000006:addChannel = 1 0.048160767702734156 0 211 -211
9000006:addChannel = 1 0.024080383851367078 0 111 111
9000006:addChannel = 1 0.2988707219993077 0 321 -321
9000006:addChannel = 1 0.2988707219993077 0 311 -311
9000006:addChannel = 1 0.07001460632368993 0 211 -211 111 111
9000006:addChannel = 1 0.14002921264737986 0 211 -211 211 -211
9000006:addChannel = 1 0.007001460632368994 0 111 111 111 111
9000007:new = phi void 1 0 0 1.68 1.e**-5 0. 0. 0. 
9000007:addChannel = 1 2.7062679318036298e-06 0 11 -11
9000007:addChannel = 1 0.11296941857591285 0 13 -13
9000007:addChannel = 1 0.048160767702734156 0 211 -211
9000007:addChannel = 1 0.024080383851367078 0 111 111
9000007:addChannel = 1 0.2988707219993077 0 321 -321
9000007:addChannel = 1 0.2988707219993077 0 311 -311
9000007:addChannel = 1 0.07001460632368993 0 211 -211 111 111
9000007:addChannel = 1 0.14002921264737986 0 211 -211 211 -211
9000007:addChannel = 1 0.007001460632368994 0 111 111 111 111
