9000006:new = phi void 1 0 0 1.42 1.e**-5 0. 0. 0. 
9000006:addChannel = 1 1.973611591735855e-06 0 11 -11
9000006:addChannel = 1 0.08159285859689343 0 13 -13
9000006:addChannel = 1 0.046346842359163004 0 211 -211
9000006:addChannel = 1 0.023173421179581502 0 111 111
9000006:addChannel = 1 0.36934274413962725 0 321 -321
9000006:addChannel = 1 0.36934274413962725 0 311 -311
9000006:addChannel = 1 0.03554819870113415 0 211 -211 111 111
9000006:addChannel = 1 0.0710963974022683 0 211 -211 211 -211
9000006:addChannel = 1 0.003554819870113415 0 111 111 111 111
9000007:new = phi void 1 0 0 1.42 1.e**-5 0. 0. 0. 
9000007:addChannel = 1 1.973611591735855e-06 0 11 -11
9000007:addChannel = 1 0.08159285859689343 0 13 -13
9000007:addChannel = 1 0.046346842359163004 0 211 -211
9000007:addChannel = 1 0.023173421179581502 0 111 111
9000007:addChannel = 1 0.36934274413962725 0 321 -321
9000007:addChannel = 1 0.36934274413962725 0 311 -311
9000007:addChannel = 1 0.03554819870113415 0 211 -211 111 111
9000007:addChannel = 1 0.0710963974022683 0 211 -211 211 -211
9000007:addChannel = 1 0.003554819870113415 0 111 111 111 111
