9000006:new = phi void 1 0 0 1.72 1.e**-5 0. 0. 0. 
9000006:addChannel = 1 2.9210407650587147e-06 0 11 -11
9000006:addChannel = 1 0.12207000885960283 0 13 -13
9000006:addChannel = 1 0.04044115755438833 0 211 -211
9000006:addChannel = 1 0.020220578777194166 0 111 111
9000006:addChannel = 1 0.2855188800156193 0 321 -321
9000006:addChannel = 1 0.2855188800156193 0 311 -311
9000006:addChannel = 1 0.07942824959251962 0 211 -211 111 111
9000006:addChannel = 1 0.15885649918503925 0 211 -211 211 -211
9000006:addChannel = 1 0.007942824959251965 0 111 111 111 111
9000007:new = phi void 1 0 0 1.72 1.e**-5 0. 0. 0. 
9000007:addChannel = 1 2.9210407650587147e-06 0 11 -11
9000007:addChannel = 1 0.12207000885960283 0 13 -13
9000007:addChannel = 1 0.04044115755438833 0 211 -211
9000007:addChannel = 1 0.020220578777194166 0 111 111
9000007:addChannel = 1 0.2855188800156193 0 321 -321
9000007:addChannel = 1 0.2855188800156193 0 311 -311
9000007:addChannel = 1 0.07942824959251962 0 211 -211 111 111
9000007:addChannel = 1 0.15885649918503925 0 211 -211 211 -211
9000007:addChannel = 1 0.007942824959251965 0 111 111 111 111
