9000006:new = phi void 1 0 0 1.24 1.e**-5 0. 0. 0. 
9000006:addChannel = 1 1.833245999799688e-06 0 11 -11
9000006:addChannel = 1 0.07498955215635682 0 13 -13
9000006:addChannel = 1 0.05605604641973408 0 211 -211
9000006:addChannel = 1 0.02802802320986704 0 111 111
9000006:addChannel = 1 0.3825222668776209 0 321 -321
9000006:addChannel = 1 0.3825222668776209 0 311 -311
9000006:addChannel = 1 0.02447742297187113 0 211 -211 111 111
9000006:addChannel = 1 0.04895484594374226 0 211 -211 211 -211
9000006:addChannel = 1 0.0024477422971871123 0 111 111 111 111
9000007:new = phi void 1 0 0 1.24 1.e**-5 0. 0. 0. 
9000007:addChannel = 1 1.833245999799688e-06 0 11 -11
9000007:addChannel = 1 0.07498955215635682 0 13 -13
9000007:addChannel = 1 0.05605604641973408 0 211 -211
9000007:addChannel = 1 0.02802802320986704 0 111 111
9000007:addChannel = 1 0.3825222668776209 0 321 -321
9000007:addChannel = 1 0.3825222668776209 0 311 -311
9000007:addChannel = 1 0.02447742297187113 0 211 -211 111 111
9000007:addChannel = 1 0.04895484594374226 0 211 -211 211 -211
9000007:addChannel = 1 0.0024477422971871123 0 111 111 111 111
