9000006:new = phi void 1 0 0 0.9 1.e**-5 0. 0. 0. 
9000006:addChannel = 1 6.803369798431888e-07 0 11 -11
9000006:addChannel = 1 0.02671540137572792 0 13 -13
9000006:addChannel = 1 0.640169340481112 0 211 -211
9000006:addChannel = 1 0.320084670240556 0 111 111
9000006:addChannel = 1 0.0042031959889110345 0 211 -211 111 111
9000006:addChannel = 1 0.008406391977822069 0 211 -211 211 -211
9000006:addChannel = 1 0.0004203195988911035 0 111 111 111 111
9000007:new = phi void 1 0 0 0.9 1.e**-5 0. 0. 0. 
9000007:addChannel = 1 6.803369798431888e-07 0 11 -11
9000007:addChannel = 1 0.02671540137572792 0 13 -13
9000007:addChannel = 1 0.640169340481112 0 211 -211
9000007:addChannel = 1 0.320084670240556 0 111 111
9000007:addChannel = 1 0.0042031959889110345 0 211 -211 111 111
9000007:addChannel = 1 0.008406391977822069 0 211 -211 211 -211
9000007:addChannel = 1 0.0004203195988911035 0 111 111 111 111
