9000006:new = phi void 1 0 0 1.04 1.e**-5 0. 0. 0. 
9000006:addChannel = 1 6.548843446050591e-07 0 11 -11
9000006:addChannel = 1 0.026283155057094984 0 13 -13
9000006:addChannel = 1 0.316481676171899 0 211 -211
9000006:addChannel = 1 0.1582408380859495 0 111 111
9000006:addChannel = 1 0.2404890562732346 0 321 -321
9000006:addChannel = 1 0.2404890562732346 0 311 -311
9000006:addChannel = 1 0.005811472017497665 0 211 -211 111 111
9000006:addChannel = 1 0.01162294403499533 0 211 -211 211 -211
9000006:addChannel = 1 0.0005811472017497664 0 111 111 111 111
9000007:new = phi void 1 0 0 1.04 1.e**-5 0. 0. 0. 
9000007:addChannel = 1 6.548843446050591e-07 0 11 -11
9000007:addChannel = 1 0.026283155057094984 0 13 -13
9000007:addChannel = 1 0.316481676171899 0 211 -211
9000007:addChannel = 1 0.1582408380859495 0 111 111
9000007:addChannel = 1 0.2404890562732346 0 321 -321
9000007:addChannel = 1 0.2404890562732346 0 311 -311
9000007:addChannel = 1 0.005811472017497665 0 211 -211 111 111
9000007:addChannel = 1 0.01162294403499533 0 211 -211 211 -211
9000007:addChannel = 1 0.0005811472017497664 0 111 111 111 111
