9000006:new = phi void 1 0 0 0.64 1.e**-5 0. 0. 0. 
9000006:addChannel = 1 2.3526885665338414e-06 0 11 -11
9000006:addChannel = 1 0.08459499735851854 0 13 -13
9000006:addChannel = 1 0.600785430846782 0 211 -211
9000006:addChannel = 1 0.300392715423391 0 111 111
9000006:addChannel = 1 0.0045885495750780285 0 211 -211 111 111
9000006:addChannel = 1 0.009177099150156057 0 211 -211 211 -211
9000006:addChannel = 1 0.0004588549575078028 0 111 111 111 111
9000007:new = phi void 1 0 0 0.64 1.e**-5 0. 0. 0. 
9000007:addChannel = 1 2.3526885665338414e-06 0 11 -11
9000007:addChannel = 1 0.08459499735851854 0 13 -13
9000007:addChannel = 1 0.600785430846782 0 211 -211
9000007:addChannel = 1 0.300392715423391 0 111 111
9000007:addChannel = 1 0.0045885495750780285 0 211 -211 111 111
9000007:addChannel = 1 0.009177099150156057 0 211 -211 211 -211
9000007:addChannel = 1 0.0004588549575078028 0 111 111 111 111
