9000006:new = phi void 1 0 0 0.72 1.e**-5 0. 0. 0. 
9000006:addChannel = 1 1.8995687631168572e-06 0 11 -11
9000006:addChannel = 1 0.07095020312931635 0 13 -13
9000006:addChannel = 1 0.6068625895678901 0 211 -211
9000006:addChannel = 1 0.30343129478394504 0 111 111
9000006:addChannel = 1 0.006049681596801763 0 211 -211 111 111
9000006:addChannel = 1 0.012099363193603526 0 211 -211 211 -211
9000006:addChannel = 1 0.0006049681596801762 0 111 111 111 111
9000007:new = phi void 1 0 0 0.72 1.e**-5 0. 0. 0. 
9000007:addChannel = 1 1.8995687631168572e-06 0 11 -11
9000007:addChannel = 1 0.07095020312931635 0 13 -13
9000007:addChannel = 1 0.6068625895678901 0 211 -211
9000007:addChannel = 1 0.30343129478394504 0 111 111
9000007:addChannel = 1 0.006049681596801763 0 211 -211 111 111
9000007:addChannel = 1 0.012099363193603526 0 211 -211 211 -211
9000007:addChannel = 1 0.0006049681596801762 0 111 111 111 111
