9000006:new = phi void 1 0 0 1.5 1.e**-5 0. 0. 0. 
9000006:addChannel = 1 2.1655088345345772e-06 0 11 -11
9000006:addChannel = 1 0.0898421981241551 0 13 -13
9000006:addChannel = 1 0.0365351431869793 0 211 -211
9000006:addChannel = 1 0.01826757159348965 0 111 111
9000006:addChannel = 1 0.3595548037429586 0 321 -321
9000006:addChannel = 1 0.3595548037429586 0 311 -311
9000006:addChannel = 1 0.043949456161491686 0 211 -211 111 111
9000006:addChannel = 1 0.08789891232298337 0 211 -211 211 -211
9000006:addChannel = 1 0.004394945616149168 0 111 111 111 111
9000007:new = phi void 1 0 0 1.5 1.e**-5 0. 0. 0. 
9000007:addChannel = 1 2.1655088345345772e-06 0 11 -11
9000007:addChannel = 1 0.0898421981241551 0 13 -13
9000007:addChannel = 1 0.0365351431869793 0 211 -211
9000007:addChannel = 1 0.01826757159348965 0 111 111
9000007:addChannel = 1 0.3595548037429586 0 321 -321
9000007:addChannel = 1 0.3595548037429586 0 311 -311
9000007:addChannel = 1 0.043949456161491686 0 211 -211 111 111
9000007:addChannel = 1 0.08789891232298337 0 211 -211 211 -211
9000007:addChannel = 1 0.004394945616149168 0 111 111 111 111
