9000006:new = phi void 1 0 0 1.88 1.e**-5 0. 0. 0. 
9000006:addChannel = 1 3.479734746330393e-06 0 11 -11
9000006:addChannel = 1 0.14596291371465778 0 13 -13
9000006:addChannel = 1 0.02543967042556051 0 211 -211
9000006:addChannel = 1 0.012719835212780256 0 111 111
9000006:addChannel = 1 0.23099300640482937 0 321 -321
9000006:addChannel = 1 0.23099300640482937 0 311 -311
9000006:addChannel = 1 0.1141574477750311 0 211 -211 111 111
9000006:addChannel = 1 0.2283148955500622 0 211 -211 211 -211
9000006:addChannel = 1 0.01141574477750311 0 111 111 111 111
9000007:new = phi void 1 0 0 1.88 1.e**-5 0. 0. 0. 
9000007:addChannel = 1 3.479734746330393e-06 0 11 -11
9000007:addChannel = 1 0.14596291371465778 0 13 -13
9000007:addChannel = 1 0.02543967042556051 0 211 -211
9000007:addChannel = 1 0.012719835212780256 0 111 111
9000007:addChannel = 1 0.23099300640482937 0 321 -321
9000007:addChannel = 1 0.23099300640482937 0 311 -311
9000007:addChannel = 1 0.1141574477750311 0 211 -211 111 111
9000007:addChannel = 1 0.2283148955500622 0 211 -211 211 -211
9000007:addChannel = 1 0.01141574477750311 0 111 111 111 111
