9000006:new = phi void 1 0 0 1.82 1.e**-5 0. 0. 0. 
9000006:addChannel = 1 3.3162510886252542e-06 0 11 -11
9000006:addChannel = 1 0.13892642813005945 0 13 -13
9000006:addChannel = 1 0.026388043715539336 0 211 -211
9000006:addChannel = 1 0.013194021857769668 0 111 111
9000006:addChannel = 1 0.25326692510358984 0 321 -321
9000006:addChannel = 1 0.25326692510358984 0 311 -311
9000006:addChannel = 1 0.10159817414140743 0 211 -211 111 111
9000006:addChannel = 1 0.20319634828281485 0 211 -211 211 -211
9000006:addChannel = 1 0.01015981741414074 0 111 111 111 111
9000007:new = phi void 1 0 0 1.82 1.e**-5 0. 0. 0. 
9000007:addChannel = 1 3.3162510886252542e-06 0 11 -11
9000007:addChannel = 1 0.13892642813005945 0 13 -13
9000007:addChannel = 1 0.026388043715539336 0 211 -211
9000007:addChannel = 1 0.013194021857769668 0 111 111
9000007:addChannel = 1 0.25326692510358984 0 321 -321
9000007:addChannel = 1 0.25326692510358984 0 311 -311
9000007:addChannel = 1 0.10159817414140743 0 211 -211 111 111
9000007:addChannel = 1 0.20319634828281485 0 211 -211 211 -211
9000007:addChannel = 1 0.01015981741414074 0 111 111 111 111
