9000006:new = phi void 1 0 0 0.66 1.e**-5 0. 0. 0. 
9000006:addChannel = 1 2.232086482523823e-06 0 11 -11
9000006:addChannel = 1 0.0811393970731578 0 13 -13
9000006:addChannel = 1 0.6021325739558773 0 211 -211
9000006:addChannel = 1 0.30106628697793864 0 111 111
9000006:addChannel = 1 0.005051454808562527 0 211 -211 111 111
9000006:addChannel = 1 0.010102909617125054 0 211 -211 211 -211
9000006:addChannel = 1 0.0005051454808562527 0 111 111 111 111
9000007:new = phi void 1 0 0 0.66 1.e**-5 0. 0. 0. 
9000007:addChannel = 1 2.232086482523823e-06 0 11 -11
9000007:addChannel = 1 0.0811393970731578 0 13 -13
9000007:addChannel = 1 0.6021325739558773 0 211 -211
9000007:addChannel = 1 0.30106628697793864 0 111 111
9000007:addChannel = 1 0.005051454808562527 0 211 -211 111 111
9000007:addChannel = 1 0.010102909617125054 0 211 -211 211 -211
9000007:addChannel = 1 0.0005051454808562527 0 111 111 111 111
