9000006:new = phi void 1 0 0 1.58 1.e**-5 0. 0. 0. 
9000006:addChannel = 1 2.371147046509419e-06 0 11 -11
9000006:addChannel = 1 0.0986687339289686 0 13 -13
9000006:addChannel = 1 0.03216598858843572 0 211 -211
9000006:addChannel = 1 0.01608299429421786 0 111 111
9000006:addChannel = 1 0.3431591447968204 0 321 -321
9000006:addChannel = 1 0.3431591447968204 0 311 -311
9000006:addChannel = 1 0.05379407175731953 0 211 -211 111 111
9000006:addChannel = 1 0.10758814351463906 0 211 -211 211 -211
9000006:addChannel = 1 0.005379407175731953 0 111 111 111 111
9000007:new = phi void 1 0 0 1.58 1.e**-5 0. 0. 0. 
9000007:addChannel = 1 2.371147046509419e-06 0 11 -11
9000007:addChannel = 1 0.0986687339289686 0 13 -13
9000007:addChannel = 1 0.03216598858843572 0 211 -211
9000007:addChannel = 1 0.01608299429421786 0 111 111
9000007:addChannel = 1 0.3431591447968204 0 321 -321
9000007:addChannel = 1 0.3431591447968204 0 311 -311
9000007:addChannel = 1 0.05379407175731953 0 211 -211 111 111
9000007:addChannel = 1 0.10758814351463906 0 211 -211 211 -211
9000007:addChannel = 1 0.005379407175731953 0 111 111 111 111
