9000006:new = phi void 1 0 0 1.76 1.e**-5 0. 0. 0. 
9000006:addChannel = 1 3.1063518299666324e-06 0 11 -11
9000006:addChannel = 1 0.12994826890805064 0 13 -13
9000006:addChannel = 1 0.03258755453164895 0 211 -211
9000006:addChannel = 1 0.016293777265824476 0 111 111
9000006:addChannel = 1 0.27311406584523534 0 321 -321
9000006:addChannel = 1 0.27311406584523534 0 311 -311
9000006:addChannel = 1 0.08869005201683075 0 211 -211 111 111
9000006:addChannel = 1 0.1773801040336615 0 211 -211 211 -211
9000006:addChannel = 1 0.008869005201683076 0 111 111 111 111
9000007:new = phi void 1 0 0 1.76 1.e**-5 0. 0. 0. 
9000007:addChannel = 1 3.1063518299666324e-06 0 11 -11
9000007:addChannel = 1 0.12994826890805064 0 13 -13
9000007:addChannel = 1 0.03258755453164895 0 211 -211
9000007:addChannel = 1 0.016293777265824476 0 111 111
9000007:addChannel = 1 0.27311406584523534 0 321 -321
9000007:addChannel = 1 0.27311406584523534 0 311 -311
9000007:addChannel = 1 0.08869005201683075 0 211 -211 111 111
9000007:addChannel = 1 0.1773801040336615 0 211 -211 211 -211
9000007:addChannel = 1 0.008869005201683076 0 111 111 111 111
