9000006:new = phi void 1 0 0 1.36 1.e**-5 0. 0. 0. 
9000006:addChannel = 1 1.815627521737791e-06 0 11 -11
9000006:addChannel = 1 0.07483165652682236 0 13 -13
9000006:addChannel = 1 0.05883037779934268 0 211 -211
9000006:addChannel = 1 0.02941518889967134 0 111 111
9000006:addChannel = 1 0.372292706104902 0 321 -321
9000006:addChannel = 1 0.372292706104902 0 311 -311
9000006:addChannel = 1 0.02978566094736699 0 211 -211 111 111
9000006:addChannel = 1 0.05957132189473398 0 211 -211 211 -211
9000006:addChannel = 1 0.002978566094736699 0 111 111 111 111
9000007:new = phi void 1 0 0 1.36 1.e**-5 0. 0. 0. 
9000007:addChannel = 1 1.815627521737791e-06 0 11 -11
9000007:addChannel = 1 0.07483165652682236 0 13 -13
9000007:addChannel = 1 0.05883037779934268 0 211 -211
9000007:addChannel = 1 0.02941518889967134 0 111 111
9000007:addChannel = 1 0.372292706104902 0 321 -321
9000007:addChannel = 1 0.372292706104902 0 311 -311
9000007:addChannel = 1 0.02978566094736699 0 211 -211 111 111
9000007:addChannel = 1 0.05957132189473398 0 211 -211 211 -211
9000007:addChannel = 1 0.002978566094736699 0 111 111 111 111
