9000006:new = phi void 1 0 0 1.12 1.e**-5 0. 0. 0. 
9000006:addChannel = 1 1.312927064113813e-06 0 11 -11
9000006:addChannel = 1 0.053162650618616795 0 13 -13
9000006:addChannel = 1 0.14361940582967322 0 211 -211
9000006:addChannel = 1 0.07180970291483661 0 111 111
9000006:addChannel = 1 0.3441847130151739 0 321 -321
9000006:addChannel = 1 0.3441847130151739 0 311 -311
9000006:addChannel = 1 0.013883065057890784 0 211 -211 111 111
9000006:addChannel = 1 0.02776613011578157 0 211 -211 211 -211
9000006:addChannel = 1 0.0013883065057890781 0 111 111 111 111
9000007:new = phi void 1 0 0 1.12 1.e**-5 0. 0. 0. 
9000007:addChannel = 1 1.312927064113813e-06 0 11 -11
9000007:addChannel = 1 0.053162650618616795 0 13 -13
9000007:addChannel = 1 0.14361940582967322 0 211 -211
9000007:addChannel = 1 0.07180970291483661 0 111 111
9000007:addChannel = 1 0.3441847130151739 0 321 -321
9000007:addChannel = 1 0.3441847130151739 0 311 -311
9000007:addChannel = 1 0.013883065057890784 0 211 -211 111 111
9000007:addChannel = 1 0.02776613011578157 0 211 -211 211 -211
9000007:addChannel = 1 0.0013883065057890781 0 111 111 111 111
