9000006:new = phi void 1 0 0 1.28 1.e**-5 0. 0. 0. 
9000006:addChannel = 1 1.8081388968719647e-06 0 11 -11
9000006:addChannel = 1 0.0741667918506138 0 13 -13
9000006:addChannel = 1 0.05736330165789301 0 211 -211
9000006:addChannel = 1 0.028681650828946505 0 111 111
9000006:addChannel = 1 0.37970910706180167 0 321 -321
9000006:addChannel = 1 0.37970910706180167 0 311 -311
9000006:addChannel = 1 0.025925236580660215 0 211 -211 111 111
9000006:addChannel = 1 0.05185047316132043 0 211 -211 211 -211
9000006:addChannel = 1 0.0025925236580660225 0 111 111 111 111
9000007:new = phi void 1 0 0 1.28 1.e**-5 0. 0. 0. 
9000007:addChannel = 1 1.8081388968719647e-06 0 11 -11
9000007:addChannel = 1 0.0741667918506138 0 13 -13
9000007:addChannel = 1 0.05736330165789301 0 211 -211
9000007:addChannel = 1 0.028681650828946505 0 111 111
9000007:addChannel = 1 0.37970910706180167 0 321 -321
9000007:addChannel = 1 0.37970910706180167 0 311 -311
9000007:addChannel = 1 0.025925236580660215 0 211 -211 111 111
9000007:addChannel = 1 0.05185047316132043 0 211 -211 211 -211
9000007:addChannel = 1 0.0025925236580660225 0 111 111 111 111
