9000006:new = phi void 1 0 0 0.7 1.e**-5 0. 0. 0. 
9000006:addChannel = 1 2.0243593217689126e-06 0 11 -11
9000006:addChannel = 1 0.0749924397563836 0 13 -13
9000006:addChannel = 1 0.6046417237776364 0 211 -211
9000006:addChannel = 1 0.3023208618888182 0 111 111
9000006:addChannel = 1 0.0058203065218838945 0 211 -211 111 111
9000006:addChannel = 1 0.011640613043767789 0 211 -211 211 -211
9000006:addChannel = 1 0.0005820306521883894 0 111 111 111 111
9000007:new = phi void 1 0 0 0.7 1.e**-5 0. 0. 0. 
9000007:addChannel = 1 2.0243593217689126e-06 0 11 -11
9000007:addChannel = 1 0.0749924397563836 0 13 -13
9000007:addChannel = 1 0.6046417237776364 0 211 -211
9000007:addChannel = 1 0.3023208618888182 0 111 111
9000007:addChannel = 1 0.0058203065218838945 0 211 -211 111 111
9000007:addChannel = 1 0.011640613043767789 0 211 -211 211 -211
9000007:addChannel = 1 0.0005820306521883894 0 111 111 111 111
