9000006:new = phi void 1 0 0 1.4 1.e**-5 0. 0. 0. 
9000006:addChannel = 1 1.913782465019615e-06 0 11 -11
9000006:addChannel = 1 0.07904207877562144 0 13 -13
9000006:addChannel = 1 0.05234700329220391 0 211 -211
9000006:addChannel = 1 0.026173501646101955 0 111 111
9000006:addChannel = 1 0.36940426929212905 0 321 -321
9000006:addChannel = 1 0.36940426929212905 0 311 -311
9000006:addChannel = 1 0.033428052877209485 0 211 -211 111 111
9000006:addChannel = 1 0.06685610575441897 0 211 -211 211 -211
9000006:addChannel = 1 0.0033428052877209485 0 111 111 111 111
9000007:new = phi void 1 0 0 1.4 1.e**-5 0. 0. 0. 
9000007:addChannel = 1 1.913782465019615e-06 0 11 -11
9000007:addChannel = 1 0.07904207877562144 0 13 -13
9000007:addChannel = 1 0.05234700329220391 0 211 -211
9000007:addChannel = 1 0.026173501646101955 0 111 111
9000007:addChannel = 1 0.36940426929212905 0 321 -321
9000007:addChannel = 1 0.36940426929212905 0 311 -311
9000007:addChannel = 1 0.033428052877209485 0 211 -211 111 111
9000007:addChannel = 1 0.06685610575441897 0 211 -211 211 -211
9000007:addChannel = 1 0.0033428052877209485 0 111 111 111 111
