9000006:new = phi void 1 0 0 1.48 1.e**-5 0. 0. 0. 
9000006:addChannel = 1 2.1720236671305787e-06 0 11 -11
9000006:addChannel = 1 0.09003802229007335 0 13 -13
9000006:addChannel = 1 0.02315780793687061 0 211 -211
9000006:addChannel = 1 0.011578903968435306 0 111 111
9000006:addChannel = 1 0.371249669733875 0 321 -321
9000006:addChannel = 1 0.371249669733875 0 311 -311
9000006:addChannel = 1 0.04281411429458179 0 211 -211 111 111
9000006:addChannel = 1 0.08562822858916358 0 211 -211 211 -211
9000006:addChannel = 1 0.004281411429458178 0 111 111 111 111
9000007:new = phi void 1 0 0 1.48 1.e**-5 0. 0. 0. 
9000007:addChannel = 1 2.1720236671305787e-06 0 11 -11
9000007:addChannel = 1 0.09003802229007335 0 13 -13
9000007:addChannel = 1 0.02315780793687061 0 211 -211
9000007:addChannel = 1 0.011578903968435306 0 111 111
9000007:addChannel = 1 0.371249669733875 0 321 -321
9000007:addChannel = 1 0.371249669733875 0 311 -311
9000007:addChannel = 1 0.04281411429458179 0 211 -211 111 111
9000007:addChannel = 1 0.08562822858916358 0 211 -211 211 -211
9000007:addChannel = 1 0.004281411429458178 0 111 111 111 111
