9000006:new = phi void 1 0 0 1.8 1.e**-5 0. 0. 0. 
9000006:addChannel = 1 3.2537353513359158e-06 0 11 -11
9000006:addChannel = 1 0.13624505028212036 0 13 -13
9000006:addChannel = 1 0.02754163138697762 0 211 -211
9000006:addChannel = 1 0.01377081569348881 0 111 111
9000006:addChannel = 1 0.26024077537699153 0 321 -321
9000006:addChannel = 1 0.26024077537699153 0 311 -311
9000006:addChannel = 1 0.09740570908002538 0 211 -211 111 111
9000006:addChannel = 1 0.19481141816005076 0 211 -211 211 -211
9000006:addChannel = 1 0.00974057090800254 0 111 111 111 111
9000007:new = phi void 1 0 0 1.8 1.e**-5 0. 0. 0. 
9000007:addChannel = 1 3.2537353513359158e-06 0 11 -11
9000007:addChannel = 1 0.13624505028212036 0 13 -13
9000007:addChannel = 1 0.02754163138697762 0 211 -211
9000007:addChannel = 1 0.01377081569348881 0 111 111
9000007:addChannel = 1 0.26024077537699153 0 321 -321
9000007:addChannel = 1 0.26024077537699153 0 311 -311
9000007:addChannel = 1 0.09740570908002538 0 211 -211 111 111
9000007:addChannel = 1 0.19481141816005076 0 211 -211 211 -211
9000007:addChannel = 1 0.00974057090800254 0 111 111 111 111
