9000006:new = phi void 1 0 0 0.86 1.e**-5 0. 0. 0. 
9000006:addChannel = 1 9.73608531112211e-07 0 11 -11
9000006:addChannel = 1 0.03791350454311759 0 13 -13
9000006:addChannel = 1 0.6303932110657144 0 211 -211
9000006:addChannel = 1 0.3151966055328572 0 111 111
9000006:addChannel = 1 0.005321195241864437 0 211 -211 111 111
9000006:addChannel = 1 0.010642390483728875 0 211 -211 211 -211
9000006:addChannel = 1 0.0005321195241864438 0 111 111 111 111
9000007:new = phi void 1 0 0 0.86 1.e**-5 0. 0. 0. 
9000007:addChannel = 1 9.73608531112211e-07 0 11 -11
9000007:addChannel = 1 0.03791350454311759 0 13 -13
9000007:addChannel = 1 0.6303932110657144 0 211 -211
9000007:addChannel = 1 0.3151966055328572 0 111 111
9000007:addChannel = 1 0.005321195241864437 0 211 -211 111 111
9000007:addChannel = 1 0.010642390483728875 0 211 -211 211 -211
9000007:addChannel = 1 0.0005321195241864438 0 111 111 111 111
