9000006:new = phi void 1 0 0 1.84 1.e**-5 0. 0. 0. 
9000006:addChannel = 1 3.37474906783354e-06 0 11 -11
9000006:addChannel = 1 0.14143972293201817 0 13 -13
9000006:addChannel = 1 0.025811167968148998 0 211 -211
9000006:addChannel = 1 0.012905583984074499 0 111 111
9000006:addChannel = 1 0.2459510410519385 0 321 -321
9000006:addChannel = 1 0.2459510410519385 0 311 -311
9000006:addChannel = 1 0.10578647363316565 0 211 -211 111 111
9000006:addChannel = 1 0.2115729472663313 0 211 -211 211 -211
9000006:addChannel = 1 0.010578647363316564 0 111 111 111 111
9000007:new = phi void 1 0 0 1.84 1.e**-5 0. 0. 0. 
9000007:addChannel = 1 3.37474906783354e-06 0 11 -11
9000007:addChannel = 1 0.14143972293201817 0 13 -13
9000007:addChannel = 1 0.025811167968148998 0 211 -211
9000007:addChannel = 1 0.012905583984074499 0 111 111
9000007:addChannel = 1 0.2459510410519385 0 321 -321
9000007:addChannel = 1 0.2459510410519385 0 311 -311
9000007:addChannel = 1 0.10578647363316565 0 211 -211 111 111
9000007:addChannel = 1 0.2115729472663313 0 211 -211 211 -211
9000007:addChannel = 1 0.010578647363316564 0 111 111 111 111
