9000006:new = phi void 1 0 0 1.86 1.e**-5 0. 0. 0. 
9000006:addChannel = 1 3.4294214329648827e-06 0 11 -11
9000006:addChannel = 1 0.14379274897889652 0 13 -13
9000006:addChannel = 1 0.025539380756408304 0 211 -211
9000006:addChannel = 1 0.012769690378204152 0 111 111
9000006:addChannel = 1 0.23847231486581935 0 321 -321
9000006:addChannel = 1 0.23847231486581935 0 311 -311
9000006:addChannel = 1 0.10998390991400628 0 211 -211 111 111
9000006:addChannel = 1 0.21996781982801256 0 211 -211 211 -211
9000006:addChannel = 1 0.010998390991400627 0 111 111 111 111
9000007:new = phi void 1 0 0 1.86 1.e**-5 0. 0. 0. 
9000007:addChannel = 1 3.4294214329648827e-06 0 11 -11
9000007:addChannel = 1 0.14379274897889652 0 13 -13
9000007:addChannel = 1 0.025539380756408304 0 211 -211
9000007:addChannel = 1 0.012769690378204152 0 111 111
9000007:addChannel = 1 0.23847231486581935 0 321 -321
9000007:addChannel = 1 0.23847231486581935 0 311 -311
9000007:addChannel = 1 0.10998390991400628 0 211 -211 111 111
9000007:addChannel = 1 0.21996781982801256 0 211 -211 211 -211
9000007:addChannel = 1 0.010998390991400627 0 111 111 111 111
