9000006:new = phi void 1 0 0 0.92 1.e**-5 0. 0. 0. 
9000006:addChannel = 1 5.587329968767043e-07 0 11 -11
9000006:addChannel = 1 0.02202290048783288 0 13 -13
9000006:addChannel = 1 0.6444314797282928 0 211 -211
9000006:addChannel = 1 0.3222157398641464 0 111 111
9000006:addChannel = 1 0.0036546197376552056 0 211 -211 111 111
9000006:addChannel = 1 0.007309239475310411 0 211 -211 211 -211
9000006:addChannel = 1 0.00036546197376552045 0 111 111 111 111
9000007:new = phi void 1 0 0 0.92 1.e**-5 0. 0. 0. 
9000007:addChannel = 1 5.587329968767043e-07 0 11 -11
9000007:addChannel = 1 0.02202290048783288 0 13 -13
9000007:addChannel = 1 0.6444314797282928 0 211 -211
9000007:addChannel = 1 0.3222157398641464 0 111 111
9000007:addChannel = 1 0.0036546197376552056 0 211 -211 111 111
9000007:addChannel = 1 0.007309239475310411 0 211 -211 211 -211
9000007:addChannel = 1 0.00036546197376552045 0 111 111 111 111
