9000006:new = phi void 1 0 0 1.56 1.e**-5 0. 0. 0. 
9000006:addChannel = 1 2.345653783526877e-06 0 11 -11
9000006:addChannel = 1 0.09753909534927671 0 13 -13
9000006:addChannel = 1 0.023774674587120827 0 211 -211
9000006:addChannel = 1 0.011887337293560413 0 111 111
9000006:addChannel = 1 0.3531071864588061 0 321 -321
9000006:addChannel = 1 0.3531071864588061 0 311 -311
9000006:addChannel = 1 0.05180070135440208 0 211 -211 111 111
9000006:addChannel = 1 0.10360140270880416 0 211 -211 211 -211
9000006:addChannel = 1 0.005180070135440209 0 111 111 111 111
9000007:new = phi void 1 0 0 1.56 1.e**-5 0. 0. 0. 
9000007:addChannel = 1 2.345653783526877e-06 0 11 -11
9000007:addChannel = 1 0.09753909534927671 0 13 -13
9000007:addChannel = 1 0.023774674587120827 0 211 -211
9000007:addChannel = 1 0.011887337293560413 0 111 111
9000007:addChannel = 1 0.3531071864588061 0 321 -321
9000007:addChannel = 1 0.3531071864588061 0 311 -311
9000007:addChannel = 1 0.05180070135440208 0 211 -211 111 111
9000007:addChannel = 1 0.10360140270880416 0 211 -211 211 -211
9000007:addChannel = 1 0.005180070135440209 0 111 111 111 111
