9000006:new = phi void 1 0 0 1.7 1.e**-5 0. 0. 0. 
9000006:addChannel = 1 2.813432538169719e-06 0 11 -11
9000006:addChannel = 1 0.11750910722050625 0 13 -13
9000006:addChannel = 1 0.045137800993263984 0 211 -211
9000006:addChannel = 1 0.022568900496631992 0 111 111
9000006:addChannel = 1 0.291707347408241 0 321 -321
9000006:addChannel = 1 0.291707347408241 0 311 -311
9000006:addChannel = 1 0.07463441388405732 0 211 -211 111 111
9000006:addChannel = 1 0.14926882776811465 0 211 -211 211 -211
9000006:addChannel = 1 0.007463441388405733 0 111 111 111 111
9000007:new = phi void 1 0 0 1.7 1.e**-5 0. 0. 0. 
9000007:addChannel = 1 2.813432538169719e-06 0 11 -11
9000007:addChannel = 1 0.11750910722050625 0 13 -13
9000007:addChannel = 1 0.045137800993263984 0 211 -211
9000007:addChannel = 1 0.022568900496631992 0 111 111
9000007:addChannel = 1 0.291707347408241 0 321 -321
9000007:addChannel = 1 0.291707347408241 0 311 -311
9000007:addChannel = 1 0.07463441388405732 0 211 -211 111 111
9000007:addChannel = 1 0.14926882776811465 0 211 -211 211 -211
9000007:addChannel = 1 0.007463441388405733 0 111 111 111 111
