9000006:new = phi void 1 0 0 1.54 1.e**-5 0. 0. 0. 
9000006:addChannel = 1 2.3312236195662335e-06 0 11 -11
9000006:addChannel = 1 0.09686799912874991 0 13 -13
9000006:addChannel = 1 0.013622692490853131 0 211 -211
9000006:addChannel = 1 0.006811346245426566 0 111 111
9000006:addChannel = 1 0.3637195367617965 0 321 -321
9000006:addChannel = 1 0.3637195367617965 0 311 -311
9000006:addChannel = 1 0.05008276044766374 0 211 -211 111 111
9000006:addChannel = 1 0.10016552089532749 0 211 -211 211 -211
9000006:addChannel = 1 0.005008276044766375 0 111 111 111 111
9000007:new = phi void 1 0 0 1.54 1.e**-5 0. 0. 0. 
9000007:addChannel = 1 2.3312236195662335e-06 0 11 -11
9000007:addChannel = 1 0.09686799912874991 0 13 -13
9000007:addChannel = 1 0.013622692490853131 0 211 -211
9000007:addChannel = 1 0.006811346245426566 0 111 111
9000007:addChannel = 1 0.3637195367617965 0 321 -321
9000007:addChannel = 1 0.3637195367617965 0 311 -311
9000007:addChannel = 1 0.05008276044766374 0 211 -211 111 111
9000007:addChannel = 1 0.10016552089532749 0 211 -211 211 -211
9000007:addChannel = 1 0.005008276044766375 0 111 111 111 111
