9000006:new = phi void 1 0 0 1.0 1.e**-5 0. 0. 0. 
9000006:addChannel = 1 3.7145467629256404e-07 0 11 -11
9000006:addChannel = 1 0.014829465446897751 0 13 -13
9000006:addChannel = 1 0.43611293647797356 0 211 -211
9000006:addChannel = 1 0.21805646823898678 0 111 111
9000006:addChannel = 1 0.16085835254425176 0 321 -321
9000006:addChannel = 1 0.16085835254425176 0 311 -311
9000006:addChannel = 1 0.0029948559009555006 0 211 -211 111 111
9000006:addChannel = 1 0.005989711801911001 0 211 -211 211 -211
9000006:addChannel = 1 0.00029948559009555006 0 111 111 111 111
9000007:new = phi void 1 0 0 1.0 1.e**-5 0. 0. 0. 
9000007:addChannel = 1 3.7145467629256404e-07 0 11 -11
9000007:addChannel = 1 0.014829465446897751 0 13 -13
9000007:addChannel = 1 0.43611293647797356 0 211 -211
9000007:addChannel = 1 0.21805646823898678 0 111 111
9000007:addChannel = 1 0.16085835254425176 0 321 -321
9000007:addChannel = 1 0.16085835254425176 0 311 -311
9000007:addChannel = 1 0.0029948559009555006 0 211 -211 111 111
9000007:addChannel = 1 0.005989711801911001 0 211 -211 211 -211
9000007:addChannel = 1 0.00029948559009555006 0 111 111 111 111
