9000006:new = phi void 1 0 0 0.78 1.e**-5 0. 0. 0. 
9000006:addChannel = 1 1.5395897146039557e-06 0 11 -11
9000006:addChannel = 1 0.05871167332438113 0 13 -13
9000006:addChannel = 1 0.6143682094620662 0 211 -211
9000006:addChannel = 1 0.3071841047310331 0 111 111
9000006:addChannel = 1 0.006365958997679015 0 211 -211 111 111
9000006:addChannel = 1 0.01273191799535803 0 211 -211 211 -211
9000006:addChannel = 1 0.0006365958997679015 0 111 111 111 111
9000007:new = phi void 1 0 0 0.78 1.e**-5 0. 0. 0. 
9000007:addChannel = 1 1.5395897146039557e-06 0 11 -11
9000007:addChannel = 1 0.05871167332438113 0 13 -13
9000007:addChannel = 1 0.6143682094620662 0 211 -211
9000007:addChannel = 1 0.3071841047310331 0 111 111
9000007:addChannel = 1 0.006365958997679015 0 211 -211 111 111
9000007:addChannel = 1 0.01273191799535803 0 211 -211 211 -211
9000007:addChannel = 1 0.0006365958997679015 0 111 111 111 111
