9000006:new = phi void 1 0 0 1.94 1.e**-5 0. 0. 0. 
9000006:addChannel = 1 3.6029381398068986e-06 0 11 -11
9000006:addChannel = 1 0.15130756502903972 0 13 -13
9000006:addChannel = 1 0.026018222625733882 0 211 -211
9000006:addChannel = 1 0.013009111312866941 0 111 111
9000006:addChannel = 1 0.2093351187509633 0 321 -321
9000006:addChannel = 1 0.2093351187509633 0 311 -311
9000006:addChannel = 1 0.12612621309428806 0 211 -211 111 111
9000006:addChannel = 1 0.25225242618857613 0 211 -211 211 -211
9000006:addChannel = 1 0.01261262130942881 0 111 111 111 111
9000007:new = phi void 1 0 0 1.94 1.e**-5 0. 0. 0. 
9000007:addChannel = 1 3.6029381398068986e-06 0 11 -11
9000007:addChannel = 1 0.15130756502903972 0 13 -13
9000007:addChannel = 1 0.026018222625733882 0 211 -211
9000007:addChannel = 1 0.013009111312866941 0 111 111
9000007:addChannel = 1 0.2093351187509633 0 321 -321
9000007:addChannel = 1 0.2093351187509633 0 311 -311
9000007:addChannel = 1 0.12612621309428806 0 211 -211 111 111
9000007:addChannel = 1 0.25225242618857613 0 211 -211 211 -211
9000007:addChannel = 1 0.01261262130942881 0 111 111 111 111
