9000006:new = phi void 1 0 0 0.68 1.e**-5 0. 0. 0. 
9000006:addChannel = 1 2.148363508628228e-06 0 11 -11
9000006:addChannel = 1 0.07887275703898651 0 13 -13
9000006:addChannel = 1 0.6026792254443533 0 211 -211
9000006:addChannel = 1 0.30133961272217663 0 111 111
9000006:addChannel = 1 0.005518147235798348 0 211 -211 111 111
9000006:addChannel = 1 0.011036294471596696 0 211 -211 211 -211
9000006:addChannel = 1 0.0005518147235798348 0 111 111 111 111
9000007:new = phi void 1 0 0 0.68 1.e**-5 0. 0. 0. 
9000007:addChannel = 1 2.148363508628228e-06 0 11 -11
9000007:addChannel = 1 0.07887275703898651 0 13 -13
9000007:addChannel = 1 0.6026792254443533 0 211 -211
9000007:addChannel = 1 0.30133961272217663 0 111 111
9000007:addChannel = 1 0.005518147235798348 0 211 -211 111 111
9000007:addChannel = 1 0.011036294471596696 0 211 -211 211 -211
9000007:addChannel = 1 0.0005518147235798348 0 111 111 111 111
