9000006:new = phi void 1 0 0 1.74 1.e**-5 0. 0. 0. 
9000006:addChannel = 1 3.0175332564396853e-06 0 11 -11
9000006:addChannel = 1 0.12616868504852527 0 13 -13
9000006:addChannel = 1 0.036480724687279795 0 211 -211
9000006:addChannel = 1 0.018240362343639897 0 111 111
9000006:addChannel = 1 0.2792168343855019 0 321 -321
9000006:addChannel = 1 0.2792168343855019 0 311 -311
9000006:addChannel = 1 0.08408823923106284 0 211 -211 111 111
9000006:addChannel = 1 0.1681764784621257 0 211 -211 211 -211
9000006:addChannel = 1 0.008408823923106285 0 111 111 111 111
9000007:new = phi void 1 0 0 1.74 1.e**-5 0. 0. 0. 
9000007:addChannel = 1 3.0175332564396853e-06 0 11 -11
9000007:addChannel = 1 0.12616868504852527 0 13 -13
9000007:addChannel = 1 0.036480724687279795 0 211 -211
9000007:addChannel = 1 0.018240362343639897 0 111 111
9000007:addChannel = 1 0.2792168343855019 0 321 -321
9000007:addChannel = 1 0.2792168343855019 0 311 -311
9000007:addChannel = 1 0.08408823923106284 0 211 -211 111 111
9000007:addChannel = 1 0.1681764784621257 0 211 -211 211 -211
9000007:addChannel = 1 0.008408823923106285 0 111 111 111 111
