9000006:new = phi void 1 0 0 1.92 1.e**-5 0. 0. 0. 
9000006:addChannel = 1 3.5659442115123347e-06 0 11 -11
9000006:addChannel = 1 0.1496975008231038 0 13 -13
9000006:addChannel = 1 0.025689360622139435 0 211 -211
9000006:addChannel = 1 0.012844680311069718 0 111 111
9000006:addChannel = 1 0.21640077608710173 0 321 -321
9000006:addChannel = 1 0.21640077608710173 0 311 -311
9000006:addChannel = 1 0.12224623875008782 0 211 -211 111 111
9000006:addChannel = 1 0.24449247750017564 0 211 -211 211 -211
9000006:addChannel = 1 0.01222462387500878 0 111 111 111 111
9000007:new = phi void 1 0 0 1.92 1.e**-5 0. 0. 0. 
9000007:addChannel = 1 3.5659442115123347e-06 0 11 -11
9000007:addChannel = 1 0.1496975008231038 0 13 -13
9000007:addChannel = 1 0.025689360622139435 0 211 -211
9000007:addChannel = 1 0.012844680311069718 0 111 111
9000007:addChannel = 1 0.21640077608710173 0 321 -321
9000007:addChannel = 1 0.21640077608710173 0 311 -311
9000007:addChannel = 1 0.12224623875008782 0 211 -211 111 111
9000007:addChannel = 1 0.24449247750017564 0 211 -211 211 -211
9000007:addChannel = 1 0.01222462387500878 0 111 111 111 111
