9000006:new = phi void 1 0 0 1.64 1.e**-5 0. 0. 0. 
9000006:addChannel = 1 2.523754213669989e-06 0 11 -11
9000006:addChannel = 1 0.10522522554818053 0 13 -13
9000006:addChannel = 1 0.047408177352007426 0 211 -211
9000006:addChannel = 1 0.023704088676003713 0 111 111
9000006:addChannel = 1 0.31572771181708775 0 321 -321
9000006:addChannel = 1 0.31572771181708775 0 311 -311
9000006:addChannel = 1 0.06200147130174811 0 211 -211 111 111
9000006:addChannel = 1 0.12400294260349622 0 211 -211 211 -211
9000006:addChannel = 1 0.006200147130174812 0 111 111 111 111
9000007:new = phi void 1 0 0 1.64 1.e**-5 0. 0. 0. 
9000007:addChannel = 1 2.523754213669989e-06 0 11 -11
9000007:addChannel = 1 0.10522522554818053 0 13 -13
9000007:addChannel = 1 0.047408177352007426 0 211 -211
9000007:addChannel = 1 0.023704088676003713 0 111 111
9000007:addChannel = 1 0.31572771181708775 0 321 -321
9000007:addChannel = 1 0.31572771181708775 0 311 -311
9000007:addChannel = 1 0.06200147130174811 0 211 -211 111 111
9000007:addChannel = 1 0.12400294260349622 0 211 -211 211 -211
9000007:addChannel = 1 0.006200147130174812 0 111 111 111 111
