9000006:new = phi void 1 0 0 1.06 1.e**-5 0. 0. 0. 
9000006:addChannel = 1 8.318104958184184e-07 0 11 -11
9000006:addChannel = 1 0.033464557646215386 0 13 -13
9000006:addChannel = 1 0.25624119487686736 0 211 -211
9000006:addChannel = 1 0.12812059743843368 0 111 111
9000006:addChannel = 1 0.27912143215972685 0 321 -321
9000006:addChannel = 1 0.27912143215972685 0 311 -311
9000006:addChannel = 1 0.0077193399704947804 0 211 -211 111 111
9000006:addChannel = 1 0.015438679940989561 0 211 -211 211 -211
9000006:addChannel = 1 0.0007719339970494781 0 111 111 111 111
9000007:new = phi void 1 0 0 1.06 1.e**-5 0. 0. 0. 
9000007:addChannel = 1 8.318104958184184e-07 0 11 -11
9000007:addChannel = 1 0.033464557646215386 0 13 -13
9000007:addChannel = 1 0.25624119487686736 0 211 -211
9000007:addChannel = 1 0.12812059743843368 0 111 111
9000007:addChannel = 1 0.27912143215972685 0 321 -321
9000007:addChannel = 1 0.27912143215972685 0 311 -311
9000007:addChannel = 1 0.0077193399704947804 0 211 -211 111 111
9000007:addChannel = 1 0.015438679940989561 0 211 -211 211 -211
9000007:addChannel = 1 0.0007719339970494781 0 111 111 111 111
