9000006:new = phi void 1 0 0 1.9 1.e**-5 0. 0. 0. 
9000006:addChannel = 1 3.525099986387602e-06 0 11 -11
9000006:addChannel = 1 0.14792526984464255 0 13 -13
9000006:addChannel = 1 0.0254931078613417 0 211 -211
9000006:addChannel = 1 0.01274655393067085 0 111 111
9000006:addChannel = 1 0.22362457018166595 0 321 -321
9000006:addChannel = 1 0.22362457018166595 0 311 -311
9000006:addChannel = 1 0.11825238803226665 0 211 -211 111 111
9000006:addChannel = 1 0.2365047760645333 0 211 -211 211 -211
9000006:addChannel = 1 0.011825238803226668 0 111 111 111 111
9000007:new = phi void 1 0 0 1.9 1.e**-5 0. 0. 0. 
9000007:addChannel = 1 3.525099986387602e-06 0 11 -11
9000007:addChannel = 1 0.14792526984464255 0 13 -13
9000007:addChannel = 1 0.0254931078613417 0 211 -211
9000007:addChannel = 1 0.01274655393067085 0 111 111
9000007:addChannel = 1 0.22362457018166595 0 321 -321
9000007:addChannel = 1 0.22362457018166595 0 311 -311
9000007:addChannel = 1 0.11825238803226665 0 211 -211 111 111
9000007:addChannel = 1 0.2365047760645333 0 211 -211 211 -211
9000007:addChannel = 1 0.011825238803226668 0 111 111 111 111
