9000006:new = phi void 1 0 0 1.34 1.e**-5 0. 0. 0. 
9000006:addChannel = 1 1.7837761792513058e-06 0 11 -11
9000006:addChannel = 1 0.07343685809976924 0 13 -13
9000006:addChannel = 1 0.06014810119872361 0 211 -211
9000006:addChannel = 1 0.030074050599361805 0 111 111
9000006:addChannel = 1 0.374278676866846 0 321 -321
9000006:addChannel = 1 0.374278676866846 0 311 -311
9000006:addChannel = 1 0.028316726642669047 0 211 -211 111 111
9000006:addChannel = 1 0.056633453285338094 0 211 -211 211 -211
9000006:addChannel = 1 0.002831672664266905 0 111 111 111 111
9000007:new = phi void 1 0 0 1.34 1.e**-5 0. 0. 0. 
9000007:addChannel = 1 1.7837761792513058e-06 0 11 -11
9000007:addChannel = 1 0.07343685809976924 0 13 -13
9000007:addChannel = 1 0.06014810119872361 0 211 -211
9000007:addChannel = 1 0.030074050599361805 0 111 111
9000007:addChannel = 1 0.374278676866846 0 321 -321
9000007:addChannel = 1 0.374278676866846 0 311 -311
9000007:addChannel = 1 0.028316726642669047 0 211 -211 111 111
9000007:addChannel = 1 0.056633453285338094 0 211 -211 211 -211
9000007:addChannel = 1 0.002831672664266905 0 111 111 111 111
