9000006:new = phi void 1 0 0 1.52 1.e**-5 0. 0. 0. 
9000006:addChannel = 1 2.3622212457160002e-06 0 11 -11
9000006:addChannel = 1 0.09808119109587139 0 13 -13
9000006:addChannel = 1 0.3806813622450314 0 321 -321
9000006:addChannel = 1 0.3806813622450314 0 311 -311
9000006:addChannel = 1 0.049338426013428076 0 211 -211 111 111
9000006:addChannel = 1 0.09867685202685615 0 211 -211 211 -211
9000006:addChannel = 1 0.004933842601342808 0 111 111 111 111
9000007:new = phi void 1 0 0 1.52 1.e**-5 0. 0. 0. 
9000007:addChannel = 1 2.3622212457160002e-06 0 11 -11
9000007:addChannel = 1 0.09808119109587139 0 13 -13
9000007:addChannel = 1 0.3806813622450314 0 321 -321
9000007:addChannel = 1 0.3806813622450314 0 311 -311
9000007:addChannel = 1 0.049338426013428076 0 211 -211 111 111
9000007:addChannel = 1 0.09867685202685615 0 211 -211 211 -211
9000007:addChannel = 1 0.004933842601342808 0 111 111 111 111
