9000006:new = phi void 1 0 0 0.62 1.e**-5 0. 0. 0. 
9000006:addChannel = 1 2.458102570668925e-06 0 11 -11
9000006:addChannel = 1 0.08732398281086305 0 13 -13
9000006:addChannel = 1 0.6000403787673539 0 211 -211
9000006:addChannel = 1 0.30002018938367697 0 111 111
9000006:addChannel = 1 0.004068706753398534 0 211 -211 111 111
9000006:addChannel = 1 0.008137413506797067 0 211 -211 211 -211
9000006:addChannel = 1 0.0004068706753398534 0 111 111 111 111
9000007:new = phi void 1 0 0 0.62 1.e**-5 0. 0. 0. 
9000007:addChannel = 1 2.458102570668925e-06 0 11 -11
9000007:addChannel = 1 0.08732398281086305 0 13 -13
9000007:addChannel = 1 0.6000403787673539 0 211 -211
9000007:addChannel = 1 0.30002018938367697 0 111 111
9000007:addChannel = 1 0.004068706753398534 0 211 -211 111 111
9000007:addChannel = 1 0.008137413506797067 0 211 -211 211 -211
9000007:addChannel = 1 0.0004068706753398534 0 111 111 111 111
