9000006:new = phi void 1 0 0 1.32 1.e**-5 0. 0. 0. 
9000006:addChannel = 1 1.772994345121625e-06 0 11 -11
9000006:addChannel = 1 0.07290773587473358 0 13 -13
9000006:addChannel = 1 0.060455254378395655 0 211 -211
9000006:addChannel = 1 0.030227627189197828 0 111 111
9000006:addChannel = 1 0.3760245348925272 0 321 -321
9000006:addChannel = 1 0.3760245348925272 0 311 -311
9000006:addChannel = 1 0.027212432186539876 0 211 -211 111 111
9000006:addChannel = 1 0.05442486437307975 0 211 -211 211 -211
9000006:addChannel = 1 0.002721243218653989 0 111 111 111 111
9000007:new = phi void 1 0 0 1.32 1.e**-5 0. 0. 0. 
9000007:addChannel = 1 1.772994345121625e-06 0 11 -11
9000007:addChannel = 1 0.07290773587473358 0 13 -13
9000007:addChannel = 1 0.060455254378395655 0 211 -211
9000007:addChannel = 1 0.030227627189197828 0 111 111
9000007:addChannel = 1 0.3760245348925272 0 321 -321
9000007:addChannel = 1 0.3760245348925272 0 311 -311
9000007:addChannel = 1 0.027212432186539876 0 211 -211 111 111
9000007:addChannel = 1 0.05442486437307975 0 211 -211 211 -211
9000007:addChannel = 1 0.002721243218653989 0 111 111 111 111
