9000006:new = phi void 1 0 0 1.6 1.e**-5 0. 0. 0. 
9000006:addChannel = 1 2.412304030174763e-06 0 11 -11
9000006:addChannel = 1 0.1004495088340507 0 13 -13
9000006:addChannel = 1 0.03778384546164275 0 211 -211
9000006:addChannel = 1 0.018891922730821374 0 111 111
9000006:addChannel = 1 0.3343202059978332 0 321 -321
9000006:addChannel = 1 0.3343202059978332 0 311 -311
9000006:addChannel = 1 0.05620383828186727 0 211 -211 111 111
9000006:addChannel = 1 0.11240767656373454 0 211 -211 211 -211
9000006:addChannel = 1 0.005620383828186727 0 111 111 111 111
9000007:new = phi void 1 0 0 1.6 1.e**-5 0. 0. 0. 
9000007:addChannel = 1 2.412304030174763e-06 0 11 -11
9000007:addChannel = 1 0.1004495088340507 0 13 -13
9000007:addChannel = 1 0.03778384546164275 0 211 -211
9000007:addChannel = 1 0.018891922730821374 0 111 111
9000007:addChannel = 1 0.3343202059978332 0 321 -321
9000007:addChannel = 1 0.3343202059978332 0 311 -311
9000007:addChannel = 1 0.05620383828186727 0 211 -211 111 111
9000007:addChannel = 1 0.11240767656373454 0 211 -211 211 -211
9000007:addChannel = 1 0.005620383828186727 0 111 111 111 111
