9000006:new = phi void 1 0 0 1.08 1.e**-5 0. 0. 0. 
9000006:addChannel = 1 1.0094978319216922e-06 0 11 -11
9000006:addChannel = 1 0.04070564774850143 0 13 -13
9000006:addChannel = 1 0.2093567866830458 0 211 -211
9000006:addChannel = 1 0.1046783933415229 0 111 111
9000006:addChannel = 1 0.30745227213909815 0 321 -321
9000006:addChannel = 1 0.30745227213909815 0 311 -311
9000006:addChannel = 1 0.009791489822871464 0 211 -211 111 111
9000006:addChannel = 1 0.019582979645742928 0 211 -211 211 -211
9000006:addChannel = 1 0.0009791489822871464 0 111 111 111 111
9000007:new = phi void 1 0 0 1.08 1.e**-5 0. 0. 0. 
9000007:addChannel = 1 1.0094978319216922e-06 0 11 -11
9000007:addChannel = 1 0.04070564774850143 0 13 -13
9000007:addChannel = 1 0.2093567866830458 0 211 -211
9000007:addChannel = 1 0.1046783933415229 0 111 111
9000007:addChannel = 1 0.30745227213909815 0 321 -321
9000007:addChannel = 1 0.30745227213909815 0 311 -311
9000007:addChannel = 1 0.009791489822871464 0 211 -211 111 111
9000007:addChannel = 1 0.019582979645742928 0 211 -211 211 -211
9000007:addChannel = 1 0.0009791489822871464 0 111 111 111 111
