9000006:new = phi void 1 0 0 0.8 1.e**-5 0. 0. 0. 
9000006:addChannel = 1 1.3878816114641338e-06 0 11 -11
9000006:addChannel = 1 0.0532371443863252 0 13 -13
9000006:addChannel = 1 0.6183874680124614 0 211 -211
9000006:addChannel = 1 0.3091937340062307 0 111 111
9000006:addChannel = 1 0.006187182488184275 0 211 -211 111 111
9000006:addChannel = 1 0.01237436497636855 0 211 -211 211 -211
9000006:addChannel = 1 0.0006187182488184276 0 111 111 111 111
9000007:new = phi void 1 0 0 0.8 1.e**-5 0. 0. 0. 
9000007:addChannel = 1 1.3878816114641338e-06 0 11 -11
9000007:addChannel = 1 0.0532371443863252 0 13 -13
9000007:addChannel = 1 0.6183874680124614 0 211 -211
9000007:addChannel = 1 0.3091937340062307 0 111 111
9000007:addChannel = 1 0.006187182488184275 0 211 -211 111 111
9000007:addChannel = 1 0.01237436497636855 0 211 -211 211 -211
9000007:addChannel = 1 0.0006187182488184276 0 111 111 111 111
