9000006:new = phi void 1 0 0 1.38 1.e**-5 0. 0. 0. 
9000006:addChannel = 1 1.860727815646475e-06 0 11 -11
9000006:addChannel = 1 0.07677238982753182 0 13 -13
9000006:addChannel = 1 0.05646676371648735 0 211 -211
9000006:addChannel = 1 0.028233381858243676 0 111 111
9000006:addChannel = 1 0.3704232517224915 0 321 -321
9000006:addChannel = 1 0.3704232517224915 0 311 -311
9000006:addChannel = 1 0.03150938723385115 0 211 -211 111 111
9000006:addChannel = 1 0.0630187744677023 0 211 -211 211 -211
9000006:addChannel = 1 0.0031509387233851147 0 111 111 111 111
9000007:new = phi void 1 0 0 1.38 1.e**-5 0. 0. 0. 
9000007:addChannel = 1 1.860727815646475e-06 0 11 -11
9000007:addChannel = 1 0.07677238982753182 0 13 -13
9000007:addChannel = 1 0.05646676371648735 0 211 -211
9000007:addChannel = 1 0.028233381858243676 0 111 111
9000007:addChannel = 1 0.3704232517224915 0 321 -321
9000007:addChannel = 1 0.3704232517224915 0 311 -311
9000007:addChannel = 1 0.03150938723385115 0 211 -211 111 111
9000007:addChannel = 1 0.0630187744677023 0 211 -211 211 -211
9000007:addChannel = 1 0.0031509387233851147 0 111 111 111 111
