9000006:new = phi void 1 0 0 1.62 1.e**-5 0. 0. 0. 
9000006:addChannel = 1 2.4585636383823724e-06 0 11 -11
9000006:addChannel = 1 0.10244268740056098 0 13 -13
9000006:addChannel = 1 0.04384632464526994 0 211 -211
9000006:addChannel = 1 0.02192316232263497 0 111 111
9000006:addChannel = 1 0.32471821894881997 0 321 -321
9000006:addChannel = 1 0.32471821894881997 0 311 -311
9000006:addChannel = 1 0.058822235216211556 0 211 -211 111 111
9000006:addChannel = 1 0.11764447043242311 0 211 -211 211 -211
9000006:addChannel = 1 0.005882223521621157 0 111 111 111 111
9000007:new = phi void 1 0 0 1.62 1.e**-5 0. 0. 0. 
9000007:addChannel = 1 2.4585636383823724e-06 0 11 -11
9000007:addChannel = 1 0.10244268740056098 0 13 -13
9000007:addChannel = 1 0.04384632464526994 0 211 -211
9000007:addChannel = 1 0.02192316232263497 0 111 111
9000007:addChannel = 1 0.32471821894881997 0 321 -321
9000007:addChannel = 1 0.32471821894881997 0 311 -311
9000007:addChannel = 1 0.058822235216211556 0 211 -211 111 111
9000007:addChannel = 1 0.11764447043242311 0 211 -211 211 -211
9000007:addChannel = 1 0.005882223521621157 0 111 111 111 111
