9000006:new = phi void 1 0 0 1.1 1.e**-5 0. 0. 0. 
9000006:addChannel = 1 1.1650836316357966e-06 0 11 -11
9000006:addChannel = 1 0.047080401434930634 0 13 -13
9000006:addChannel = 1 0.17569276048593294 0 211 -211
9000006:addChannel = 1 0.08784638024296647 0 111 111
9000006:addChannel = 1 0.3263900878994577 0 321 -321
9000006:addChannel = 1 0.3263900878994577 0 311 -311
9000006:addChannel = 1 0.011806166759233195 0 211 -211 111 111
9000006:addChannel = 1 0.02361233351846639 0 211 -211 211 -211
9000006:addChannel = 1 0.0011806166759233193 0 111 111 111 111
9000007:new = phi void 1 0 0 1.1 1.e**-5 0. 0. 0. 
9000007:addChannel = 1 1.1650836316357966e-06 0 11 -11
9000007:addChannel = 1 0.047080401434930634 0 13 -13
9000007:addChannel = 1 0.17569276048593294 0 211 -211
9000007:addChannel = 1 0.08784638024296647 0 111 111
9000007:addChannel = 1 0.3263900878994577 0 321 -321
9000007:addChannel = 1 0.3263900878994577 0 311 -311
9000007:addChannel = 1 0.011806166759233195 0 211 -211 111 111
9000007:addChannel = 1 0.02361233351846639 0 211 -211 211 -211
9000007:addChannel = 1 0.0011806166759233193 0 111 111 111 111
