9000006:new = phi void 1 0 0 0.76 1.e**-5 0. 0. 0. 
9000006:addChannel = 1 1.6644035625390997e-06 0 11 -11
9000006:addChannel = 1 0.06306968211021564 0 13 -13
9000006:addChannel = 1 0.6115113111345732 0 211 -211
9000006:addChannel = 1 0.3057556555672866 0 111 111
9000006:addChannel = 1 0.00634247960785867 0 211 -211 111 111
9000006:addChannel = 1 0.01268495921571734 0 211 -211 211 -211
9000006:addChannel = 1 0.000634247960785867 0 111 111 111 111
9000007:new = phi void 1 0 0 0.76 1.e**-5 0. 0. 0. 
9000007:addChannel = 1 1.6644035625390997e-06 0 11 -11
9000007:addChannel = 1 0.06306968211021564 0 13 -13
9000007:addChannel = 1 0.6115113111345732 0 211 -211
9000007:addChannel = 1 0.3057556555672866 0 111 111
9000007:addChannel = 1 0.00634247960785867 0 211 -211 111 111
9000007:addChannel = 1 0.01268495921571734 0 211 -211 211 -211
9000007:addChannel = 1 0.000634247960785867 0 111 111 111 111
