9000006:new = phi void 1 0 0 1.46 1.e**-5 0. 0. 0. 
9000006:addChannel = 1 2.1016396905862545e-06 0 11 -11
9000006:addChannel = 1 0.0870453498142853 0 13 -13
9000006:addChannel = 1 0.03218406534829931 0 211 -211
9000006:addChannel = 1 0.016092032674149655 0 111 111
9000006:addChannel = 1 0.3700016452208244 0 321 -321
9000006:addChannel = 1 0.3700016452208244 0 311 -311
9000006:addChannel = 1 0.04021714841352465 0 211 -211 111 111
9000006:addChannel = 1 0.0804342968270493 0 211 -211 211 -211
9000006:addChannel = 1 0.004021714841352464 0 111 111 111 111
9000007:new = phi void 1 0 0 1.46 1.e**-5 0. 0. 0. 
9000007:addChannel = 1 2.1016396905862545e-06 0 11 -11
9000007:addChannel = 1 0.0870453498142853 0 13 -13
9000007:addChannel = 1 0.03218406534829931 0 211 -211
9000007:addChannel = 1 0.016092032674149655 0 111 111
9000007:addChannel = 1 0.3700016452208244 0 321 -321
9000007:addChannel = 1 0.3700016452208244 0 311 -311
9000007:addChannel = 1 0.04021714841352465 0 211 -211 111 111
9000007:addChannel = 1 0.0804342968270493 0 211 -211 211 -211
9000007:addChannel = 1 0.004021714841352464 0 111 111 111 111
