9000006:new = phi void 1 0 0 0.94 1.e**-5 0. 0. 0. 
9000006:addChannel = 1 3.872220836686439e-07 0 11 -11
9000006:addChannel = 1 0.01531637839958102 0 13 -13
9000006:addChannel = 1 0.6509243908526782 0 211 -211
9000006:addChannel = 1 0.3254621954263391 0 111 111
9000006:addChannel = 1 0.0026763380965542038 0 211 -211 111 111
9000006:addChannel = 1 0.0053526761931084075 0 211 -211 211 -211
9000006:addChannel = 1 0.0002676338096554203 0 111 111 111 111
9000007:new = phi void 1 0 0 0.94 1.e**-5 0. 0. 0. 
9000007:addChannel = 1 3.872220836686439e-07 0 11 -11
9000007:addChannel = 1 0.01531637839958102 0 13 -13
9000007:addChannel = 1 0.6509243908526782 0 211 -211
9000007:addChannel = 1 0.3254621954263391 0 111 111
9000007:addChannel = 1 0.0026763380965542038 0 211 -211 111 111
9000007:addChannel = 1 0.0053526761931084075 0 211 -211 211 -211
9000007:addChannel = 1 0.0002676338096554203 0 111 111 111 111
