9000006:new = phi void 1 0 0 1.78 1.e**-5 0. 0. 0. 
9000006:addChannel = 1 3.184900347215606e-06 0 11 -11
9000006:addChannel = 1 0.13329952172412646 0 13 -13
9000006:addChannel = 1 0.029522663026142152 0 211 -211
9000006:addChannel = 1 0.014761331513071076 0 111 111
9000006:addChannel = 1 0.2668498723907319 0 321 -321
9000006:addChannel = 1 0.2668498723907319 0 311 -311
9000006:addChannel = 1 0.0931334045338223 0 211 -211 111 111
9000006:addChannel = 1 0.1862668090676446 0 211 -211 211 -211
9000006:addChannel = 1 0.009313340453382233 0 111 111 111 111
9000007:new = phi void 1 0 0 1.78 1.e**-5 0. 0. 0. 
9000007:addChannel = 1 3.184900347215606e-06 0 11 -11
9000007:addChannel = 1 0.13329952172412646 0 13 -13
9000007:addChannel = 1 0.029522663026142152 0 211 -211
9000007:addChannel = 1 0.014761331513071076 0 111 111
9000007:addChannel = 1 0.2668498723907319 0 321 -321
9000007:addChannel = 1 0.2668498723907319 0 311 -311
9000007:addChannel = 1 0.0931334045338223 0 211 -211 111 111
9000007:addChannel = 1 0.1862668090676446 0 211 -211 211 -211
9000007:addChannel = 1 0.009313340453382233 0 111 111 111 111
