9000006:new = phi void 1 0 0 1.16 1.e**-5 0. 0. 0. 
9000006:addChannel = 1 1.571179360841629e-06 0 11 -11
9000006:addChannel = 1 0.06385862283235914 0 13 -13
9000006:addChannel = 1 0.09368530025283403 0 211 -211
9000006:addChannel = 1 0.046842650126417015 0 111 111
9000006:addChannel = 1 0.36988354782475136 0 321 -321
9000006:addChannel = 1 0.36988354782475136 0 311 -311
9000006:addChannel = 1 0.018014438696621397 0 211 -211 111 111
9000006:addChannel = 1 0.03602887739324279 0 211 -211 211 -211
9000006:addChannel = 1 0.0018014438696621396 0 111 111 111 111
9000007:new = phi void 1 0 0 1.16 1.e**-5 0. 0. 0. 
9000007:addChannel = 1 1.571179360841629e-06 0 11 -11
9000007:addChannel = 1 0.06385862283235914 0 13 -13
9000007:addChannel = 1 0.09368530025283403 0 211 -211
9000007:addChannel = 1 0.046842650126417015 0 111 111
9000007:addChannel = 1 0.36988354782475136 0 321 -321
9000007:addChannel = 1 0.36988354782475136 0 311 -311
9000007:addChannel = 1 0.018014438696621397 0 211 -211 111 111
9000007:addChannel = 1 0.03602887739324279 0 211 -211 211 -211
9000007:addChannel = 1 0.0018014438696621396 0 111 111 111 111
