9000006:new = phi void 1 0 0 0.88 1.e**-5 0. 0. 0. 
9000006:addChannel = 1 8.138821361319842e-07 0 11 -11
9000006:addChannel = 1 0.03183093993606135 0 13 -13
9000006:addChannel = 1 0.6356598144437869 0 211 -211
9000006:addChannel = 1 0.31782990722189347 0 111 111
9000006:addChannel = 1 0.004735007908426496 0 211 -211 111 111
9000006:addChannel = 1 0.009470015816852992 0 211 -211 211 -211
9000006:addChannel = 1 0.0004735007908426497 0 111 111 111 111
9000007:new = phi void 1 0 0 0.88 1.e**-5 0. 0. 0. 
9000007:addChannel = 1 8.138821361319842e-07 0 11 -11
9000007:addChannel = 1 0.03183093993606135 0 13 -13
9000007:addChannel = 1 0.6356598144437869 0 211 -211
9000007:addChannel = 1 0.31782990722189347 0 111 111
9000007:addChannel = 1 0.004735007908426496 0 211 -211 111 111
9000007:addChannel = 1 0.009470015816852992 0 211 -211 211 -211
9000007:addChannel = 1 0.0004735007908426497 0 111 111 111 111
