9000006:new = phi void 1 0 0 1.3 1.e**-5 0. 0. 0. 
9000006:addChannel = 1 1.7837243109936608e-06 0 11 -11
9000006:addChannel = 1 0.07325925552790719 0 13 -13
9000006:addChannel = 1 0.059347616411135874 0 211 -211
9000006:addChannel = 1 0.029673808205567937 0 111 111
9000006:addChannel = 1 0.3778397426612048 0 321 -321
9000006:addChannel = 1 0.3778397426612048 0 311 -311
9000006:addChannel = 1 0.026463887357634944 0 211 -211 111 111
9000006:addChannel = 1 0.05292777471526989 0 211 -211 211 -211
9000006:addChannel = 1 0.0026463887357634952 0 111 111 111 111
9000007:new = phi void 1 0 0 1.3 1.e**-5 0. 0. 0. 
9000007:addChannel = 1 1.7837243109936608e-06 0 11 -11
9000007:addChannel = 1 0.07325925552790719 0 13 -13
9000007:addChannel = 1 0.059347616411135874 0 211 -211
9000007:addChannel = 1 0.029673808205567937 0 111 111
9000007:addChannel = 1 0.3778397426612048 0 321 -321
9000007:addChannel = 1 0.3778397426612048 0 311 -311
9000007:addChannel = 1 0.026463887357634944 0 211 -211 111 111
9000007:addChannel = 1 0.05292777471526989 0 211 -211 211 -211
9000007:addChannel = 1 0.0026463887357634952 0 111 111 111 111
