9000006:new = phi void 1 0 0 1.2 1.e**-5 0. 0. 0. 
9000006:addChannel = 1 1.7481107842305412e-06 0 11 -11
9000006:addChannel = 1 0.0712897293961354 0 13 -13
9000006:addChannel = 1 0.06424167353548359 0 211 -211
9000006:addChannel = 1 0.032120836767741794 0 111 111
9000006:addChannel = 1 0.38261157468256296 0 321 -321
9000006:addChannel = 1 0.38261157468256296 0 311 -311
9000006:addChannel = 1 0.021652536395073894 0 211 -211 111 111
9000006:addChannel = 1 0.04330507279014779 0 211 -211 211 -211
9000006:addChannel = 1 0.002165253639507389 0 111 111 111 111
9000007:new = phi void 1 0 0 1.2 1.e**-5 0. 0. 0. 
9000007:addChannel = 1 1.7481107842305412e-06 0 11 -11
9000007:addChannel = 1 0.0712897293961354 0 13 -13
9000007:addChannel = 1 0.06424167353548359 0 211 -211
9000007:addChannel = 1 0.032120836767741794 0 111 111
9000007:addChannel = 1 0.38261157468256296 0 321 -321
9000007:addChannel = 1 0.38261157468256296 0 311 -311
9000007:addChannel = 1 0.021652536395073894 0 211 -211 111 111
9000007:addChannel = 1 0.04330507279014779 0 211 -211 211 -211
9000007:addChannel = 1 0.002165253639507389 0 111 111 111 111
