9000006:new = phi void 1 0 0 1.02 1.e**-5 0. 0. 0. 
9000006:addChannel = 1 4.97375392361416e-07 0 11 -11
9000006:addChannel = 1 0.01991064366618567 0 13 -13
9000006:addChannel = 1 0.37414853280316585 0 211 -211
9000006:addChannel = 1 0.18707426640158292 0 111 111
9000006:addChannel = 1 0.20290531847351978 0 321 -321
9000006:addChannel = 1 0.20290531847351978 0 311 -311
9000006:addChannel = 1 0.004211426711817339 0 211 -211 111 111
9000006:addChannel = 1 0.008422853423634679 0 211 -211 211 -211
9000006:addChannel = 1 0.00042114267118173384 0 111 111 111 111
9000007:new = phi void 1 0 0 1.02 1.e**-5 0. 0. 0. 
9000007:addChannel = 1 4.97375392361416e-07 0 11 -11
9000007:addChannel = 1 0.01991064366618567 0 13 -13
9000007:addChannel = 1 0.37414853280316585 0 211 -211
9000007:addChannel = 1 0.18707426640158292 0 111 111
9000007:addChannel = 1 0.20290531847351978 0 321 -321
9000007:addChannel = 1 0.20290531847351978 0 311 -311
9000007:addChannel = 1 0.004211426711817339 0 211 -211 111 111
9000007:addChannel = 1 0.008422853423634679 0 211 -211 211 -211
9000007:addChannel = 1 0.00042114267118173384 0 111 111 111 111
