9000006:new = phi void 1 0 0 0.98 1.e**-5 0. 0. 0. 
9000006:addChannel = 1 2.427532491486375e-07 0 11 -11
9000006:addChannel = 1 0.009663355719764425 0 13 -13
9000006:addChannel = 1 0.656375152232589 0 211 -211
9000006:addChannel = 1 0.3281875761162945 0 111 111
9000006:addChannel = 1 0.001862475218742934 0 211 -211 111 111
9000006:addChannel = 1 0.003724950437485868 0 211 -211 211 -211
9000006:addChannel = 1 0.00018624752187429338 0 111 111 111 111
9000007:new = phi void 1 0 0 0.98 1.e**-5 0. 0. 0. 
9000007:addChannel = 1 2.427532491486375e-07 0 11 -11
9000007:addChannel = 1 0.009663355719764425 0 13 -13
9000007:addChannel = 1 0.656375152232589 0 211 -211
9000007:addChannel = 1 0.3281875761162945 0 111 111
9000007:addChannel = 1 0.001862475218742934 0 211 -211 111 111
9000007:addChannel = 1 0.003724950437485868 0 211 -211 211 -211
9000007:addChannel = 1 0.00018624752187429338 0 111 111 111 111
