9000006:new = phi void 1 0 0 0.96 1.e**-5 0. 0. 0. 
9000006:addChannel = 1 2.982221655965233e-07 0 11 -11
9000006:addChannel = 1 0.011834885401385532 0 13 -13
9000006:addChannel = 1 0.6542829581175446 0 211 -211
9000006:addChannel = 1 0.3271414790587723 0 111 111
9000006:addChannel = 1 0.0021743158710103437 0 211 -211 111 111
9000006:addChannel = 1 0.0043486317420206875 0 211 -211 211 -211
9000006:addChannel = 1 0.0002174315871010344 0 111 111 111 111
9000007:new = phi void 1 0 0 0.96 1.e**-5 0. 0. 0. 
9000007:addChannel = 1 2.982221655965233e-07 0 11 -11
9000007:addChannel = 1 0.011834885401385532 0 13 -13
9000007:addChannel = 1 0.6542829581175446 0 211 -211
9000007:addChannel = 1 0.3271414790587723 0 111 111
9000007:addChannel = 1 0.0021743158710103437 0 211 -211 111 111
9000007:addChannel = 1 0.0043486317420206875 0 211 -211 211 -211
9000007:addChannel = 1 0.0002174315871010344 0 111 111 111 111
