9000006:new = phi void 1 0 0 1.66 1.e**-5 0. 0. 0. 
9000006:addChannel = 1 2.608018099384257e-06 0 11 -11
9000006:addChannel = 1 0.1088044810045631 0 13 -13
9000006:addChannel = 1 0.048787536901868704 0 211 -211
9000006:addChannel = 1 0.024393768450934352 0 111 111
9000006:addChannel = 1 0.30706493003117713 0 321 -321
9000006:addChannel = 1 0.30706493003117713 0 311 -311
9000006:addChannel = 1 0.06576830502005813 0 211 -211 111 111
9000006:addChannel = 1 0.13153661004011627 0 211 -211 211 -211
9000006:addChannel = 1 0.006576830502005813 0 111 111 111 111
9000007:new = phi void 1 0 0 1.66 1.e**-5 0. 0. 0. 
9000007:addChannel = 1 2.608018099384257e-06 0 11 -11
9000007:addChannel = 1 0.1088044810045631 0 13 -13
9000007:addChannel = 1 0.048787536901868704 0 211 -211
9000007:addChannel = 1 0.024393768450934352 0 111 111
9000007:addChannel = 1 0.30706493003117713 0 321 -321
9000007:addChannel = 1 0.30706493003117713 0 311 -311
9000007:addChannel = 1 0.06576830502005813 0 211 -211 111 111
9000007:addChannel = 1 0.13153661004011627 0 211 -211 211 -211
9000007:addChannel = 1 0.006576830502005813 0 111 111 111 111
