9000006:new = phi void 1 0 0 1.26 1.e**-5 0. 0. 0. 
9000006:addChannel = 1 1.831380994981622e-06 0 11 -11
9000006:addChannel = 1 0.07501914229518095 0 13 -13
9000006:addChannel = 1 0.05594491521776229 0 211 -211
9000006:addChannel = 1 0.027972457608881146 0 111 111
9000006:addChannel = 1 0.3812311825734391 0 321 -321
9000006:addChannel = 1 0.3812311825734391 0 311 -311
9000006:addChannel = 1 0.02535460914525884 0 211 -211 111 111
9000006:addChannel = 1 0.05070921829051768 0 211 -211 211 -211
9000006:addChannel = 1 0.0025354609145258836 0 111 111 111 111
9000007:new = phi void 1 0 0 1.26 1.e**-5 0. 0. 0. 
9000007:addChannel = 1 1.831380994981622e-06 0 11 -11
9000007:addChannel = 1 0.07501914229518095 0 13 -13
9000007:addChannel = 1 0.05594491521776229 0 211 -211
9000007:addChannel = 1 0.027972457608881146 0 111 111
9000007:addChannel = 1 0.3812311825734391 0 321 -321
9000007:addChannel = 1 0.3812311825734391 0 311 -311
9000007:addChannel = 1 0.02535460914525884 0 211 -211 111 111
9000007:addChannel = 1 0.05070921829051768 0 211 -211 211 -211
9000007:addChannel = 1 0.0025354609145258836 0 111 111 111 111
