9000006:new = phi void 1 0 0 1.44 1.e**-5 0. 0. 0. 
9000006:addChannel = 1 2.036397207937492e-06 0 11 -11
9000006:addChannel = 1 0.08426744031560125 0 13 -13
9000006:addChannel = 1 0.0396091220980446 0 211 -211
9000006:addChannel = 1 0.0198045610490223 0 111 111
9000006:addChannel = 1 0.36954720030560184 0 321 -321
9000006:addChannel = 1 0.36954720030560184 0 311 -311
9000006:addChannel = 1 0.03781369017061943 0 211 -211 111 111
9000006:addChannel = 1 0.07562738034123886 0 211 -211 211 -211
9000006:addChannel = 1 0.0037813690170619427 0 111 111 111 111
9000007:new = phi void 1 0 0 1.44 1.e**-5 0. 0. 0. 
9000007:addChannel = 1 2.036397207937492e-06 0 11 -11
9000007:addChannel = 1 0.08426744031560125 0 13 -13
9000007:addChannel = 1 0.0396091220980446 0 211 -211
9000007:addChannel = 1 0.0198045610490223 0 111 111
9000007:addChannel = 1 0.36954720030560184 0 321 -321
9000007:addChannel = 1 0.36954720030560184 0 311 -311
9000007:addChannel = 1 0.03781369017061943 0 211 -211 111 111
9000007:addChannel = 1 0.07562738034123886 0 211 -211 211 -211
9000007:addChannel = 1 0.0037813690170619427 0 111 111 111 111
