9000006:new = phi void 1 0 0 1.14 1.e**-5 0. 0. 0. 
9000006:addChannel = 1 1.4478016559590294e-06 0 11 -11
9000006:addChannel = 1 0.05873688311270886 0 13 -13
9000006:addChannel = 1 0.11684465419772755 0 211 -211
9000006:addChannel = 1 0.058422327098863774 0 111 111
9000006:addChannel = 1 0.35827120316837996 0 321 -321
9000006:addChannel = 1 0.35827120316837996 0 311 -311
9000006:addChannel = 1 0.015952348855575497 0 211 -211 111 111
9000006:addChannel = 1 0.031904697711150995 0 211 -211 211 -211
9000006:addChannel = 1 0.0015952348855575494 0 111 111 111 111
9000007:new = phi void 1 0 0 1.14 1.e**-5 0. 0. 0. 
9000007:addChannel = 1 1.4478016559590294e-06 0 11 -11
9000007:addChannel = 1 0.05873688311270886 0 13 -13
9000007:addChannel = 1 0.11684465419772755 0 211 -211
9000007:addChannel = 1 0.058422327098863774 0 111 111
9000007:addChannel = 1 0.35827120316837996 0 321 -321
9000007:addChannel = 1 0.35827120316837996 0 311 -311
9000007:addChannel = 1 0.015952348855575497 0 211 -211 111 111
9000007:addChannel = 1 0.031904697711150995 0 211 -211 211 -211
9000007:addChannel = 1 0.0015952348855575494 0 111 111 111 111
